0 11
1 11
2 11
3 10
4 11
5 12
6 9
7 11
8 11
9 11
10 12
11 11
12 12
13 9
14 11
15 11
16 11
17 12
18 10
19 12
20 10
21 11
22 10
23 11
24 14
25 10
26 11
27 11
28 11
29 10
30 10
31 18
32 10
33 17
34 11
35 14
36 10
37 12
38 12
39 11
40 13
41 9
42 10
43 11
44 10
45 11
46 11
47 16
48 9
49 12
50 11
51 15
52 10
53 11
54 12
55 11
56 11
57 10
58 10
59 12
60 10
61 9
62 11
63 10
64 12
65 12
66 10
67 11
68 16
69 11
70 12
71 10
72 18
73 11
74 17
75 12
76 11
77 10
78 12
79 11
80 9
81 10
82 13
83 11
84 11
85 11
86 11
87 11
88 11
89 11
90 11
91 10
92 12
93 11
94 11
95 10
96 9
97 17
98 11
99 9
100 11
101 9
102 9
103 11
104 18
105 11
106 11
107 10
108 11
109 10
110 12
111 11
112 9
113 11
114 11
115 11
116 11
117 10
118 11
119 14
120 12
121 13
122 10
123 12
124 10
125 11
126 11
127 12
128 11
129 11
130 10
131 17
132 9
133 14
134 11
135 10
136 10
137 18
138 11
139 12
140 9
141 12
142 15
143 11
144 7
145 11
146 11
147 12
148 12
149 11
150 11
151 11
152 9
153 11
154 12
155 11
156 12
157 15
158 11
159 10
160 11
161 11
162 9
163 10
164 11
165 12
166 11
167 18
168 11
169 14
170 11
171 10
172 11
173 11
174 11
175 12
176 12
177 14
178 14
179 19
180 973
181 1011
182 991
183 1019
184 979
185 978
186 990
187 979
188 963
189 1019
190 981
191 1014
192 1008
193 967
194 957
195 1001
196 965
197 979
198 995
199 1010
200 923
201 959
202 996
203 994
204 974
205 1005
206 998
207 996
208 975
209 1011
210 968
211 993
212 953
213 965
214 980
215 986
216 1009
217 1000
218 1007
219 1003
220 1008
221 1004
222 1015
223 998
224 1014
225 977
226 1007
227 975
228 980
229 972
230 991
231 1013
232 997
233 1008
234 960
235 1002
236 978
237 967
238 966
239 984
240 968
241 995
242 983
243 1010
244 982
245 1002
246 935
247 982
248 962
249 955
250 974
251 985
252 1010
253 990
254 988
255 991
256 972
257 959
258 995
259 979
260 994
261 993
262 995
263 1012
264 1004
265 952
266 981
267 940
268 966
269 974
270 989
271 978
272 981
273 988
274 994
275 1017
276 972
277 992
278 987
279 998
280 1011
281 987
282 976
283 992
284 1005
285 977
286 978
287 1017
288 963
289 990
290 988
291 1003
292 982
293 1004
294 999
295 994
296 959
297 976
298 973
299 984
300 1015
301 973
302 977
303 1008
304 1006
305 1007
306 972
307 968
308 988
309 990
310 993
311 1000
312 999
313 973
314 996
315 1001
316 964
317 980
318 996
319 1017
320 984
321 954
322 990
323 976
324 977
325 984
326 1006
327 1011
328 999
329 950
330 985
331 939
332 996
333 991
334 972
335 987
336 976
337 965
338 985
339 942
340 972
341 948
342 946
343 998
344 989
345 1005
346 976
347 992
348 986
349 967
350 1013
351 987
352 1000
353 989
354 982
355 967
356 975
357 1000
358 961
359 987
360 983
361 990
362 995
363 987
364 952
365 1005
366 981
367 1015
368 980
369 971
370 964
371 1001
372 964
373 972
374 936
375 989
376 985
377 1016
378 1003
379 1006
380 972
381 1011
382 998
383 999
384 1000
385 986
386 981
387 975
388 970
389 992
390 991
391 1017
392 992
393 974
394 1005
395 1015
396 1009
397 977
398 1000
399 1006
400 1002
401 997
402 993
403 984
404 989
405 989
406 983
407 987
408 997
409 1000
410 1002
411 979
412 969
413 994
414 959
415 987
416 973
417 981
418 976
419 1016
420 989
421 931
422 955
423 1018
424 975
425 972
426 988
427 966
428 999
429 981
430 962
431 1004
432 1020
433 999
434 981
435 948
436 958
437 976
438 966
439 1015
440 976
441 972
442 974
443 958
444 968
445 938
446 971
447 1009
448 1003
449 1001
450 989
451 1001
452 967
453 942
454 1016
455 1010
456 973
457 1002
458 971
459 1004
460 979
461 980
462 1007
463 1019
464 986
465 1007
466 995
467 978
468 970
469 1007
470 1003
471 980
472 1007
473 1009
474 982
475 990
476 992
477 993
478 980
479 999
480 1007
481 1011
482 984
483 998
484 976
485 985
486 1003
487 1005
488 979
489 997
490 995
491 974
492 989
493 1014
494 993
495 978
496 989
497 1008
498 1007
499 976
500 974
501 1009
502 962
503 983
504 1001
505 998
506 972
507 965
508 953
509 1003
510 961
511 1013
512 1003
513 976
514 1003
515 997
516 979
517 979
518 966
519 1002
520 968
521 987
522 945
523 957
524 994
525 974
526 990
527 977
528 995
529 1003
530 998
531 987
532 969
533 986
534 962
535 983
536 972
537 996
538 940
539 995
540 970
541 980
542 1018
543 999
544 925
545 983
546 1003
547 981
548 997
549 985
550 987
551 995
552 990
553 985
554 978
555 989
556 977
557 982
558 965
559 1022
560 997
561 979
562 976
563 973
564 970
565 1018
566 999
567 984
568 1002
569 1007
570 970
571 993
572 989
573 998
574 993
575 1006
576 969
577 991
578 1000
579 968
580 1002
581 979
582 981
583 1001
584 996
585 1001
586 1002
587 985
588 974
589 977
590 1008
591 990
592 966
593 992
594 983
595 977
596 961
597 1003
598 930
599 1018
600 997
601 992
602 1002
603 1001
604 972
605 1010
606 969
607 1018
608 986
609 1011
610 1005
611 1003
612 977
613 988
614 1014
615 985
616 997
617 961
618 956
619 986
620 967
621 1002
622 984
623 983
624 986
625 985
626 1014
627 1001
628 1000
629 987
630 984
631 1018
632 957
633 998
634 968
635 995
636 980
637 976
638 966
639 1014
640 984
641 953
642 1000
643 992
644 988
645 994
646 966
647 1003
648 989
649 1016
650 976
651 981
652 993
653 972
654 953
655 1014
656 971
657 953
658 994
659 963
660 1007
661 989
662 980
663 989
664 975
665 1009
666 998
667 979
668 974
669 1003
670 952
671 1013
672 979
673 976
674 994
675 957
676 991
677 1001
678 968
679 1016
680 993
681 1016
682 991
683 960
684 970
685 983
686 1004
687 996
688 1001
689 1006
690 994
691 990
692 962
693 989
694 958
695 978
696 1010
697 1008
698 988
699 1006
700 1007
701 1000
702 984
703 983
704 1006
705 964
706 963
707 997
708 973
709 1000
710 974
711 1008
712 988
713 980
714 1000
715 996
716 1006
717 969
718 993
719 1008
720 992
721 987
722 976
723 988
724 925
725 1000
726 998
727 1002
728 973
729 1008
730 965
731 999
732 989
733 1003
734 1005
735 988
736 1000
737 1003
738 982
739 971
740 989
741 1006
742 1002
743 1008
744 1002
745 943
746 984
747 1005
748 967
749 959
750 997
751 981
752 1007
753 991
754 996
755 979
756 967
757 1000
758 1003
759 1023
760 998
761 1015
762 984
763 999
764 972
765 1005
766 978
767 1014
768 970
769 968
770 942
771 971
772 989
773 1015
774 1012
775 989
776 977
777 974
778 1003
779 975
780 984
781 982
782 989
783 1013
784 972
785 998
786 1014
787 938
788 996
789 968
790 987
791 980
792 946
793 942
794 969
795 961
796 1000
797 981
798 1003
799 987
800 1004
801 983
802 961
803 993
804 1013
805 1001
806 1005
807 1009
808 964
809 994
810 995
811 983
812 983
813 968
814 974
815 1010
816 960
817 1004
818 978
819 1012
820 1007
821 985
822 982
823 983
824 1001
825 959
826 976
827 1003
828 989
829 968
830 1014
831 1012
832 975
833 1004
834 978
835 980
836 997
837 968
838 1008
839 995
840 945
841 1006
842 968
843 1003
844 982
845 1008
846 947
847 993
848 978
849 950
850 974
851 990
852 1014
853 997
854 960
855 1013
856 996
857 999
858 992
859 965
860 1010
861 1015
862 1003
863 1015
864 963
865 957
866 982
867 1010
868 966
869 1003
870 998
871 990
872 959
873 995
874 1007
875 1004
876 970
877 993
878 995
879 1019
880 996
881 995
882 987
883 964
884 968
885 971
886 1002
887 994
888 1007
889 995
890 976
891 990
892 961
893 1006
894 980
895 1022
896 986
897 946
898 1011
899 983
900 1018
901 920
902 961
903 1010
904 963
905 988
906 973
907 999
908 1006
909 981
910 949
911 981
912 973
913 977
914 1006
915 1001
916 986
917 979
918 1008
919 1006
920 1012
921 1009
922 973
923 983
924 962
925 987
926 1003
927 981
928 1021
929 971
930 974
931 1014
932 1006
933 992
934 1013
935 994
936 999
937 961
938 1003
939 937
940 995
941 954
942 992
943 1012
944 980
945 954
946 967
947 980
948 996
949 988
950 980
951 1019
952 977
953 998
954 971
955 1010
956 966
957 980
958 1001
959 981
960 996
961 996
962 974
963 1012
964 984
965 959
966 989
967 1009
968 1000
969 991
970 985
971 961
972 982
973 1006
974 967
975 978
976 974
977 998
978 992
979 1003
980 969
981 966
982 977
983 995
984 1008
985 987
986 1001
987 969
988 982
989 995
990 988
991 979
992 1000
993 1007
994 965
995 987
996 986
997 958
998 988
999 991
1000 998
1001 986
1002 971
1003 1009
1004 992
1005 994
1006 974
1007 1017
1008 972
1009 937
1010 1004
1011 958
1012 1003
1013 987
1014 905
1015 1013
1016 997
1017 995
1018 1003
1019 997
1020 1001
1021 976
1022 985
1023 1006
1024 994
1025 1007
1026 985
1027 949
1028 939
1029 983
1030 1005
1031 1015
1032 963
1033 970
1034 989
1035 980
1036 984
1037 954
1038 1012
1039 1002
1040 972
1041 984
1042 963
1043 979
1044 1000
1045 989
1046 991
1047 1016
1048 990
1049 1009
1050 947
1051 965
1052 1007
1053 1001
1054 995
1055 1002
1056 1003
1057 974
1058 957
1059 992
1060 1012
1061 976
1062 977
1063 998
1064 941
1065 951
1066 981
1067 960
1068 968
1069 1011
1070 959
1071 986
1072 971
1073 985
1074 968
1075 995
1076 1005
1077 1001
1078 971
1079 989
1080 976
1081 963
1082 963
1083 1003
1084 999
1085 979
1086 987
1087 1002
1088 979
1089 985
1090 1003
1091 1001
1092 977
1093 1003
1094 1012
1095 992
1096 974
1097 984
1098 961
1099 988
1100 980
1101 931
1102 963
1103 999
1104 975
1105 1003
1106 997
1107 1006
1108 995
1109 994
1110 955
1111 1005
1112 984
1113 981
1114 956
1115 1000
1116 1007
1117 982
1118 961
1119 1022
1120 977
1121 993
1122 961
1123 962
1124 1003
1125 961
1126 1010
1127 985
1128 977
1129 966
1130 987
1131 963
1132 976
1133 982
1134 981
1135 1016
1136 989
1137 1016
1138 985
1139 975
1140 976
1141 1005
1142 993
1143 980
1144 1011
1145 953
1146 969
1147 974
1148 972
1149 989
1150 976
1151 1009
1152 999
1153 996
1154 972
1155 1008
1156 983
1157 995
1158 1005
1159 1005
1160 942
1161 1005
1162 990
1163 973
1164 991
1165 1002
1166 999
1167 997
1168 960
1169 987
1170 960
1171 1002
1172 1005
1173 970
1174 965
1175 1015
1176 991
1177 996
1178 996
1179 983
1180 989
1181 971
1182 993
1183 1002
1184 975
1185 993
1186 969
1187 983
1188 985
1189 972
1190 1018
1191 1019
1192 993
1193 955
1194 1002
1195 965
1196 969
1197 992
1198 1000
1199 989
1200 974
1201 1003
1202 993
1203 1005
1204 974
1205 956
1206 992
1207 1017
1208 1013
1209 937
1210 976
1211 977
1212 972
1213 994
1214 993
1215 964
1216 1011
1217 1013
1218 1002
1219 994
1220 1000
1221 1008
1222 990
1223 1003
1224 982
1225 996
1226 949
1227 1007
1228 1012
1229 992
1230 984
1231 980
1232 987
1233 993
1234 993
1235 1004
1236 986
1237 993
1238 967
1239 1015
1240 975
1241 985
1242 1001
1243 1011
1244 982
1245 1009
1246 983
1247 982
1248 995
1249 967
1250 1007
1251 992
1252 997
1253 1008
1254 989
1255 1007
1256 991
1257 981
1258 969
1259 1007
1260 1007
1261 978
1262 985
1263 1009
1264 971
1265 963
1266 982
1267 989
1268 1009
1269 964
1270 1000
1271 974
1272 999
1273 1010
1274 968
1275 992
1276 994
1277 1014
1278 976
1279 997
1280 989
1281 1009
1282 990
1283 954
1284 977
1285 1007
1286 981
1287 979
1288 990
1289 994
1290 998
1291 965
1292 971
1293 1001
1294 999
1295 986
1296 989
1297 1012
1298 1000
1299 966
1300 975
1301 959
1302 991
1303 982
1304 1002
1305 991
1306 965
1307 1013
1308 1000
1309 999
1310 998
1311 1022
1312 1009
1313 972
1314 999
1315 936
1316 974
1317 1011
1318 978
1319 1012
1320 972
1321 1003
1322 943
1323 996
1324 989
1325 1008
1326 987
1327 985
1328 989
1329 1008
1330 998
1331 916
1332 997
1333 1010
1334 991
1335 1006
1336 995
1337 996
1338 1004
1339 973
1340 983
1341 994
1342 998
1343 975
1344 991
1345 966
1346 981
1347 979
1348 983
1349 1006
1350 996
1351 1014
1352 978
1353 1010
1354 1008
1355 988
1356 969
1357 991
1358 1015
1359 1019
1360 991
1361 1007
1362 966
1363 961
1364 951
1365 976
1366 995
1367 1009
1368 974
1369 969
1370 1001
1371 1000
1372 1000
1373 965
1374 998
1375 1020
1376 1009
1377 947
1378 974
1379 967
1380 973
1381 991
1382 978
1383 985
1384 1013
1385 993
1386 982
1387 998
1388 1013
1389 995
1390 974
1391 980
1392 1008
1393 1013
1394 978
1395 953
1396 964
1397 993
1398 1005
1399 1018
1400 963
1401 994
1402 973
1403 989
1404 964
1405 991
1406 991
1407 1005
1408 987
1409 992
1410 968
1411 937
1412 968
1413 967
1414 1014
1415 992
1416 974
1417 974
1418 984
1419 990
1420 979
1421 987
1422 997
1423 978
1424 1009
1425 973
1426 973
1427 982
1428 975
1429 1009
1430 936
1431 1008
1432 1012
1433 992
1434 970
1435 1008
1436 984
1437 1006
1438 1002
1439 1002
1440 982
1441 987
1442 998
1443 996
1444 989
1445 1011
1446 1014
1447 1013
1448 956
1449 960
1450 964
1451 984
1452 1010
1453 952
1454 993
1455 1004
1456 984
1457 1004
1458 975
1459 960
1460 971
1461 1001
1462 998
1463 981
1464 967
1465 983
1466 997
1467 1003
1468 997
1469 1020
1470 989
1471 990
1472 974
1473 960
1474 979
1475 932
1476 948
1477 999
1478 981
1479 992
1480 1000
1481 993
1482 993
1483 1005
1484 1000
1485 984
1486 973
1487 1018
1488 959
1489 956
1490 961
1491 987
1492 1001
1493 963
1494 996
1495 993
1496 1010
1497 990
1498 998
1499 1006
1500 964
1501 993
1502 1009
1503 1014
1504 981
1505 994
1506 969
1507 999
1508 988
1509 995
1510 973
1511 980
1512 1003
1513 978
1514 940
1515 1000
1516 965
1517 984
1518 971
1519 985
1520 996
1521 982
1522 1007
1523 953
1524 961
1525 1015
1526 956
1527 1006
1528 1004
1529 997
1530 1008
1531 992
1532 996
1533 998
1534 1007
1535 980
1536 987
1537 928
1538 989
1539 1013
1540 1003
1541 980
1542 987
1543 1013
1544 1015
1545 996
1546 983
1547 1002
1548 976
1549 946
1550 1004
1551 1003
1552 1007
1553 1010
1554 1012
1555 977
1556 959
1557 971
1558 979
1559 1011
1560 972
1561 992
1562 972
1563 999
1564 981
1565 999
1566 1006
1567 1019
1568 962
1569 994
1570 1005
1571 978
1572 1005
1573 1001
1574 1010
1575 988
1576 987
1577 958
1578 967
1579 974
1580 990
1581 1006
1582 974
1583 1004
1584 989
1585 973
1586 1003
1587 998
1588 993
1589 979
1590 967
1591 1012
1592 986
1593 977
1594 964
1595 986
1596 1003
1597 1005
1598 978
1599 981
1600 948
1601 958
1602 977
1603 1009
1604 954
1605 961
1606 994
1607 1018
1608 957
1609 989
1610 966
1611 1007
1612 1003
1613 970
1614 966
1615 1005
1616 982
1617 976
1618 988
1619 967
1620 978
1621 1001
1622 966
1623 982
1624 1000
1625 1005
1626 945
1627 971
1628 981
1629 985
1630 999
1631 1013
1632 994
1633 992
1634 977
1635 988
1636 996
1637 992
1638 999
1639 1014
1640 981
1641 1002
1642 974
1643 1012
1644 987
1645 975
1646 968
1647 1023
1648 959
1649 938
1650 999
1651 971
1652 1004
1653 982
1654 1004
1655 1000
1656 991
1657 991
1658 966
1659 999
1660 972
1661 1019
1662 981
1663 1012
1664 976
1665 987
1666 1002
1667 981
1668 965
1669 999
1670 976
1671 1009
1672 982
1673 986
1674 962
1675 983
1676 994
1677 999
1678 985
1679 983
1680 942
1681 1004
1682 997
1683 990
1684 1007
1685 994
1686 963
1687 997
1688 1009
1689 977
1690 1004
1691 973
1692 1008
1693 1010
1694 952
1695 980
1696 974
1697 980
1698 967
1699 938
1700 978
1701 987
1702 1003
1703 1008
1704 992
1705 922
1706 947
1707 1009
1708 1003
1709 989
1710 996
1711 1017
1712 1005
1713 1006
1714 1005
1715 959
1716 999
1717 1014
1718 994
1719 997
1720 986
1721 984
1722 1001
1723 993
1724 989
1725 970
1726 986
1727 1012
1728 1009
1729 974
1730 974
1731 1000
1732 983
1733 976
1734 1005
1735 1016
1736 1004
1737 1004
1738 1010
1739 1007
1740 1005
1741 1019
1742 961
1743 1013
1744 992
1745 991
1746 1000
1747 988
1748 1002
1749 990
1750 989
1751 994
1752 1010
1753 955
1754 962
1755 978
1756 958
1757 955
1758 991
1759 1015
1760 967
1761 956
1762 992
1763 991
1764 1002
1765 997
1766 993
1767 1019
1768 1004
1769 916
1770 1006
1771 998
1772 1001
1773 982
1774 983
1775 1011
1776 992
1777 1007
1778 998
1779 1006
1780 990
1781 1005
1782 968
1783 991
1784 1011
1785 1010
1786 993
1787 982
1788 942
1789 993
1790 962
1791 998
1792 941
1793 974
1794 1001
1795 960
1796 959
1797 966
1798 954
1799 1007
1800 1015
1801 962
1802 981
1803 999
1804 981
1805 991
1806 1000
1807 1011
1808 1000
1809 986
1810 938
1811 974
1812 970
1813 966
1814 1006
1815 977
1816 991
1817 1000
1818 995
1819 1001
1820 991
1821 999
1822 1007
1823 1018
1824 1006
1825 974
1826 973
1827 964
1828 985
1829 982
1830 1001
1831 1012
1832 1014
1833 943
1834 980
1835 968
1836 974
1837 998
1838 990
1839 1007
1840 1005
1841 959
1842 983
1843 999
1844 964
1845 966
1846 946
1847 1012
1848 1008
1849 966
1850 1003
1851 992
1852 973
1853 968
1854 987
1855 1008
1856 1000
1857 1000
1858 973
1859 978
1860 1003
1861 988
1862 995
1863 1017
1864 991
1865 1002
1866 987
1867 951
1868 1005
1869 978
1870 979
1871 987
1872 959
1873 1007
1874 987
1875 980
1876 972
1877 983
1878 998
1879 1012
1880 998
1881 996
1882 998
1883 1001
1884 969
1885 1000
1886 997
1887 999
1888 1004
1889 1012
1890 998
1891 967
1892 1006
1893 995
1894 973
1895 1002
1896 990
1897 991
1898 951
1899 983
1900 989
1901 979
1902 990
1903 1016
1904 1007
1905 976
1906 998
1907 968
1908 985
1909 983
1910 979
1911 1013
1912 978
1913 980
1914 940
1915 959
1916 1008
1917 1001
1918 1003
1919 1016
1920 994
1921 974
1922 999
1923 1006
1924 971
1925 998
1926 1001
1927 1001
1928 989
1929 980
1930 967
1931 914
1932 996
1933 980
1934 976
1935 1013
1936 980
1937 975
1938 976
1939 996
1940 998
1941 969
1942 990
1943 1013
1944 974
1945 991
1946 1000
1947 971
1948 946
1949 996
1950 981
1951 985
1952 973
1953 979
1954 976
1955 982
1956 991
1957 1003
1958 981
1959 1018
1960 1004
1961 958
1962 954
1963 961
1964 965
1965 990
1966 984
1967 985
1968 974
1969 961
1970 997
1971 1009
1972 937
1973 964
1974 1014
1975 985
1976 998
1977 997
1978 960
1979 980
1980 1013
1981 975
1982 1005
1983 1019
1984 991
1985 995
1986 940
1987 977
1988 988
1989 993
1990 987
1991 988
1992 1008
1993 1003
1994 954
1995 985
1996 1006
1997 989
1998 1010
1999 1001
2000 973
2001 1000
2002 962
2003 980
2004 991
2005 993
2006 998
2007 1002
2008 963
2009 1005
2010 984
2011 997
2012 1000
2013 992
2014 988
2015 1012
2016 978
2017 1007
2018 999
2019 996
2020 965
2021 1019
2022 993
2023 986
2024 969
2025 1014
2026 993
2027 971
2028 965
2029 990
2030 1000
2031 990
2032 989
2033 981
2034 988
2035 986
2036 989
2037 995
2038 991
2039 985
2040 948
2041 1015
2042 944
2043 1000
2044 966
2045 941
2046 973
2047 1000
2048 1006
2049 1013
2050 999
2051 972
2052 976
2053 1015
2054 991
2055 1009
2056 999
2057 992
2058 979
2059 997
2060 992
2061 997
2062 984
2063 1010
2064 981
2065 1009
2066 980
2067 982
2068 1006
2069 989
2070 969
2071 997
2072 937
2073 974
2074 1005
2075 1003
2076 977
2077 989
2078 1015
2079 1020
2080 1001
2081 987
2082 966
2083 958
2084 989
2085 985
2086 1013
2087 992
2088 979
2089 953
2090 990
2091 975
2092 994
2093 973
2094 1012
2095 1017
2096 995
2097 963
2098 993
2099 968
2100 996
2101 977
2102 964
2103 1003
2104 962
2105 973
2106 934
2107 976
2108 1011
2109 984
2110 956
2111 999
2112 973
2113 1006
2114 973
2115 1006
2116 981
2117 960
2118 976
2119 1014
2120 996
2121 1013
2122 967
2123 990
2124 996
2125 933
2126 998
2127 989
2128 969
2129 981
2130 974
2131 987
2132 976
2133 975
2134 979
2135 1018
2136 995
2137 983
2138 992
2139 987
2140 989
2141 1002
2142 939
2143 1017
2144 981
2145 984
2146 969
2147 1004
2148 1013
2149 1012
2150 992
2151 999
2152 996
2153 998
2154 1007
2155 986
2156 967
2157 1013
2158 959
2159 1013
2160 1005
2161 983
2162 996
2163 1004
2164 998
2165 995
2166 986
2167 997
2168 990
2169 977
2170 962
2171 933
2172 995
2173 1003
2174 993
2175 997
2176 984
2177 977
2178 982
2179 969
2180 971
2181 992
2182 936
2183 1014
2184 990
2185 1015
2186 955
2187 980
2188 1004
2189 964
2190 999
2191 1016
2192 1012
2193 983
2194 989
2195 998
2196 999
2197 1002
2198 1005
2199 1018
2200 1002
2201 974
2202 1011
2203 976
2204 952
2205 989
2206 1012
2207 994
2208 1014
2209 980
2210 992
2211 992
2212 969
2213 996
2214 1015
2215 984
2216 985
2217 993
2218 982
2219 969
2220 991
2221 1000
2222 989
2223 992
2224 1003
2225 934
2226 1000
2227 971
2228 990
2229 988
2230 972
2231 1008
2232 1015
2233 990
2234 974
2235 1007
2236 1001
2237 989
2238 972
2239 1009
2240 996
2241 983
2242 987
2243 995
2244 970
2245 992
2246 988
2247 1011
2248 977
2249 976
2250 933
2251 963
2252 993
2253 1014
2254 998
2255 1002
2256 984
2257 1011
2258 995
2259 972
2260 1003
2261 988
2262 1001
2263 998
2264 988
2265 1010
2266 952
2267 966
2268 978
2269 975
2270 992
2271 1001
2272 999
2273 961
2274 1008
2275 975
2276 950
2277 1003
2278 1004
2279 1019
2280 975
2281 997
2282 966
2283 1000
2284 958
2285 1003
2286 999
2287 1015
2288 987
2289 981
2290 1002
2291 985
2292 997
2293 996
2294 962
2295 1019
2296 958
2297 1000
2298 974
2299 1006
2300 991
2301 1005
2302 1010
2303 992
2304 995
2305 953
2306 961
2307 1005
2308 976
2309 1001
2310 992
2311 1004
2312 998
2313 990
2314 1001
2315 927
2316 993
2317 973
2318 958
2319 986
2320 1004
2321 966
2322 1010
2323 992
2324 985
2325 972
2326 1002
2327 991
2328 1008
2329 1004
2330 1009
2331 1012
2332 988
2333 978
2334 985
2335 995
2336 972
2337 991
2338 942
2339 981
2340 998
2341 979
2342 968
2343 993
2344 988
2345 988
2346 957
2347 1009
2348 964
2349 957
2350 989
2351 1018
2352 961
2353 980
2354 988
2355 961
2356 989
2357 978
2358 990
2359 998
2360 986
2361 982
2362 964
2363 1002
2364 1005
2365 1004
2366 990
2367 978
2368 987
2369 975
2370 951
2371 995
2372 975
2373 966
2374 992
2375 979
2376 1009
2377 987
2378 1010
2379 1001
2380 990
2381 1001
2382 980
2383 985
2384 1007
2385 991
2386 985
2387 996
2388 966
2389 941
2390 996
2391 1000
2392 925
2393 1003
2394 976
2395 987
2396 1001
2397 1015
2398 1010
2399 1021
2400 992
2401 1010
2402 991
2403 1001
2404 979
2405 924
2406 997
2407 1023
2408 959
2409 987
2410 978
2411 1012
2412 989
2413 968
2414 987
2415 1012
2416 984
2417 992
2418 1011
2419 987
2420 959
2421 974
2422 989
2423 1006
2424 1020
2425 975
2426 1009
2427 976
2428 974
2429 985
2430 999
2431 1016
2432 988
2433 988
2434 985
2435 1012
2436 991
2437 971
2438 1005
2439 1014
2440 998
2441 1013
2442 975
2443 987
2444 964
2445 1001
2446 981
2447 986
2448 1000
2449 995
2450 1009
2451 985
2452 962
2453 963
2454 988
2455 1007
2456 977
2457 1000
2458 1003
2459 1000
2460 1002
2461 993
2462 994
2463 989
2464 997
2465 984
2466 981
2467 1005
2468 994
2469 984
2470 995
2471 1017
2472 995
2473 980
2474 959
2475 992
2476 968
2477 989
2478 952
2479 1021
2480 1004
2481 974
2482 976
2483 1000
2484 988
2485 986
2486 969
2487 1010
2488 1007
2489 955
2490 962
2491 988
2492 987
2493 1013
2494 950
2495 982
2496 1013
2497 999
2498 984
2499 987
2500 982
2501 1014
2502 1011
2503 989
2504 990
2505 972
2506 992
2507 987
2508 972
2509 1011
2510 952
2511 1002
2512 1005
2513 984
2514 966
2515 976
2516 985
2517 1004
2518 985
2519 1019
2520 1001
2521 1017
2522 965
2523 963
2524 1004
2525 970
2526 1011
2527 1022
2528 996
2529 1012
2530 961
2531 957
2532 998
2533 967
2534 995
2535 1002
2536 987
2537 971
2538 993
2539 963
2540 1005
2541 991
2542 1002
2543 1011
2544 977
2545 970
2546 981
2547 998
2548 978
2549 975
2550 991
2551 1020
2552 955
2553 1012
2554 998
2555 966
2556 1008
2557 1008
2558 976
2559 992
2560 966
2561 985
2562 974
2563 1008
2564 1001
2565 1003
2566 989
2567 986
2568 996
2569 995
2570 1001
2571 950
2572 990
2573 957
2574 990
2575 1007
2576 989
2577 976
2578 1000
2579 977
2580 964
2581 985
2582 987
2583 1003
2584 980
2585 974
2586 1013
2587 986
2588 998
2589 1000
2590 1011
2591 958
2592 997
2593 968
2594 1002
2595 974
2596 979
2597 987
2598 970
2599 1016
2600 975
2601 1002
2602 985
2603 1000
2604 1010
2605 949
2606 1008
2607 978
2608 965
2609 991
2610 1012
2611 967
2612 978
2613 985
2614 987
2615 988
2616 1010
2617 975
2618 1004
2619 994
2620 989
2621 1014
2622 964
2623 1010
2624 973
2625 981
2626 961
2627 985
2628 971
2629 976
2630 980
2631 987
2632 1013
2633 995
2634 995
2635 994
2636 952
2637 985
2638 949
2639 979
2640 967
2641 993
2642 993
2643 1001
2644 1007
2645 981
2646 1000
2647 991
2648 931
2649 997
2650 943
2651 992
2652 963
2653 991
2654 975
2655 1009
2656 970
2657 996
2658 1013
2659 981
2660 952
2661 951
2662 979
2663 1022
2664 987
2665 947
2666 982
2667 991
2668 960
2669 982
2670 990
2671 1019
2672 1014
2673 997
2674 975
2675 944
2676 931
2677 975
2678 989
2679 994
2680 998
2681 1001
2682 977
2683 982
2684 998
2685 1001
2686 977
2687 1010
2688 984
2689 1008
2690 1011
2691 981
2692 995
2693 988
2694 990
2695 1006
2696 985
2697 997
2698 979
2699 986
2700 981
2701 994
2702 999
2703 968
2704 1000
2705 1003
2706 996
2707 979
2708 987
2709 981
2710 967
2711 1000
2712 987
2713 1008
2714 1000
2715 976
2716 973
2717 984
2718 941
2719 999
2720 987
2721 944
2722 987
2723 1001
2724 988
2725 999
2726 989
2727 1016
2728 996
2729 978
2730 945
2731 1002
2732 1005
2733 980
2734 993
2735 944
2736 978
2737 1005
2738 966
2739 967
2740 997
2741 998
2742 994
2743 1000
2744 990
2745 988
2746 994
2747 989
2748 1010
2749 958
2750 983
2751 1000
2752 980
2753 981
2754 939
2755 1009
2756 1004
2757 972
2758 1014
2759 991
2760 972
2761 992
2762 982
2763 955
2764 1002
2765 1006
2766 990
2767 992
2768 984
2769 1005
2770 971
2771 991
2772 956
2773 1009
2774 979
2775 1009
2776 1009
2777 965
2778 1003
2779 1006
2780 1007
2781 1012
2782 1002
2783 973
2784 1005
2785 1008
2786 979
2787 1007
2788 1007
2789 981
2790 1007
2791 997
2792 1011
2793 983
2794 993
2795 1002
2796 1000
2797 989
2798 966
2799 997
2800 996
2801 1011
2802 1011
2803 921
2804 990
2805 972
2806 989
2807 1018
2808 1012
2809 986
2810 965
2811 1007
2812 996
2813 973
2814 997
2815 987
2816 1002
2817 972
2818 1007
2819 1000
2820 995
2821 972
2822 990
2823 1017
2824 972
2825 968
2826 992
2827 989
2828 1007
2829 1001
2830 1009
2831 984
2832 988
2833 970
2834 978
2835 959
2836 976
2837 980
2838 972
2839 1010
2840 976
2841 993
2842 988
2843 1002
2844 986
2845 960
2846 936
2847 993
2848 1000
2849 1016
2850 965
2851 996
2852 971
2853 975
2854 994
2855 1009
2856 1013
2857 994
2858 993
2859 984
2860 979
2861 987
2862 960
2863 990
2864 997
2865 1017
2866 987
2867 1013
2868 997
2869 957
2870 1002
2871 998
2872 996
2873 963
2874 982
2875 993
2876 980
2877 962
2878 1002
2879 982
2880 985
2881 985
2882 972
2883 981
2884 967
2885 1010
2886 972
2887 962
2888 992
2889 949
2890 993
2891 988
2892 991
2893 1002
2894 985
2895 1021
2896 1010
2897 1004
2898 1006
2899 964
2900 1005
2901 990
2902 899
2903 1021
2904 989
2905 998
2906 969
2907 1001
2908 970
2909 1008
2910 999
2911 971
2912 1011
2913 984
2914 985
2915 984
2916 997
2917 982
2918 980
2919 1005
2920 950
2921 977
2922 1001
2923 977
2924 993
2925 962
2926 1001
2927 1003
2928 1006
2929 996
2930 994
2931 991
2932 988
2933 990
2934 952
2935 1011
2936 972
2937 990
2938 987
2939 992
2940 983
2941 1017
2942 1010
2943 1017
2944 1008
2945 962
2946 956
2947 940
2948 971
2949 989
2950 1009
2951 1010
2952 970
2953 964
2954 992
2955 998
2956 1000
2957 964
2958 989
2959 1013
2960 981
2961 995
2962 975
2963 1003
2964 945
2965 979
2966 1011
2967 992
2968 997
2969 992
2970 1006
2971 980
2972 1002
2973 973
2974 994
2975 1008
2976 975
2977 985
2978 1001
2979 980
2980 996
2981 968
2982 943
2983 987
2984 1006
2985 988
2986 968
2987 999
2988 1011
2989 970
2990 1009
2991 993
2992 966
2993 1017
2994 965
2995 980
2996 1002
2997 961
2998 965
2999 1010
3000 975
3001 1006
3002 1009
3003 1001
3004 989
3005 996
3006 998
3007 1006
3008 1006
3009 966
3010 1012
3011 989
3012 994
3013 992
3014 983
3015 1004
3016 990
3017 920
3018 987
3019 976
3020 943
3021 962
3022 986
3023 1009
3024 966
3025 1004
3026 991
3027 985
3028 973
3029 1004
3030 942
3031 1015
3032 979
3033 993
3034 1000
3035 941
3036 979
3037 995
3038 1006
3039 1005
3040 979
3041 986
3042 976
3043 959
3044 992
3045 982
3046 995
3047 998
3048 982
3049 990
3050 990
3051 1007
3052 987
3053 1017
3054 956
3055 993
3056 1012
3057 986
3058 963
3059 993
3060 1014
3061 995
3062 975
3063 997
3064 998
3065 991
3066 954
3067 971
3068 999
3069 969
3070 972
3071 1007
3072 972
3073 968
3074 988
3075 987
3076 985
3077 997
3078 1000
3079 1004
3080 999
3081 1001
3082 1007
3083 998
3084 943
3085 961
3086 997
3087 982
3088 952
3089 1003
3090 967
3091 982
3092 1010
3093 977
3094 971
3095 1005
3096 987
3097 954
3098 980
3099 991
3100 984
3101 960
3102 954
3103 1015
3104 990
3105 962
3106 984
3107 974
3108 964
3109 981
3110 994
3111 1003
3112 999
3113 1006
3114 985
3115 915
3116 953
3117 985
3118 1005
3119 1018
3120 1010
3121 953
3122 997
3123 934
3124 953
3125 977
3126 983
3127 1011
3128 985
3129 1004
3130 1010
3131 1006
3132 1006
3133 1019
3134 992
3135 980
3136 952
3137 977
3138 979
3139 987
3140 991
3141 998
3142 992
3143 1007
3144 1012
3145 991
3146 978
3147 984
3148 1000
3149 992
3150 1003
3151 985
3152 1013
3153 1004
3154 1012
3155 988
3156 1001
3157 1007
3158 983
3159 1018
3160 1013
3161 969
3162 1005
3163 986
3164 976
3165 1006
3166 977
3167 990
3168 970
3169 981
3170 999
3171 978
3172 993
3173 979
3174 994
3175 1004
3176 981
3177 988
3178 968
3179 965
3180 985
3181 985
3182 1019
3183 1003
3184 1011
3185 998
3186 953
3187 978
3188 1000
3189 1002
3190 955
3191 985
3192 991
3193 976
3194 977
3195 1012
3196 986
3197 981
3198 986
3199 981
3200 988
3201 1004
3202 954
3203 1002
3204 941
3205 960
3206 994
3207 1016
3208 995
3209 1011
3210 994
3211 990
3212 1006
3213 1002
3214 966
3215 1008
3216 963
3217 984
3218 991
3219 1011
3220 971
3221 987
3222 1006
3223 996
3224 1005
3225 960
3226 991
3227 956
3228 985
3229 1004
3230 1000
3231 978
3232 994
3233 1010
3234 967
3235 935
3236 972
3237 988
3238 989
3239 1008
3240 1002
3241 973
3242 989
3243 997
3244 953
3245 986
3246 997
3247 1007
3248 979
3249 993
3250 976
3251 979
3252 952
3253 968
3254 990
3255 1002
3256 1007
3257 969
3258 999
3259 1006
3260 1004
3261 992
3262 991
3263 991
3264 959
3265 988
3266 962
3267 993
3268 930
3269 993
3270 984
3271 1015
3272 982
3273 958
3274 974
3275 1012
3276 981
3277 956
3278 1016
3279 992
3280 1006
3281 1004
3282 950
3283 969
3284 970
3285 998
3286 1004
3287 1006
3288 981
3289 1005
3290 957
3291 1002
3292 1009
3293 995
3294 1002
3295 1010
3296 1005
3297 969
3298 996
3299 971
3300 996
3301 973
3302 979
3303 1016
3304 1012
3305 961
3306 990
3307 983
3308 982
3309 980
3310 1010
3311 1005
3312 990
3313 985
3314 989
3315 1008
3316 982
3317 964
3318 943
3319 1017
3320 1005
3321 1005
3322 990
3323 947
3324 978
3325 972
3326 1010
3327 1013
3328 970
3329 971
3330 1009
3331 972
3332 966
3333 1013
3334 1003
3335 1015
3336 1016
3337 964
3338 1000
3339 991
3340 943
3341 963
3342 987
3343 1009
3344 1005
3345 1007
3346 936
3347 995
3348 938
3349 1003
3350 1005
3351 1001
3352 1003
3353 1014
3354 993
3355 963
3356 972
3357 1005
3358 978
3359 1008
3360 961
3361 973
3362 996
3363 1014
3364 961
3365 1017
3366 976
3367 987
3368 981
3369 1015
3370 998
3371 992
3372 980
3373 993
3374 975
3375 1002
3376 1000
3377 980
3378 1001
3379 998
3380 975
3381 986
3382 966
3383 984
3384 978
3385 1006
3386 967
3387 999
3388 993
3389 987
3390 1011
3391 1008
3392 985
3393 1002
3394 969
3395 923
3396 1015
3397 990
3398 1010
3399 995
3400 1002
3401 1003
3402 970
3403 990
3404 949
3405 997
3406 991
3407 998
3408 1001
3409 1010
3410 969
3411 985
3412 999
3413 968
3414 991
3415 1013
3416 957
3417 962
3418 956
3419 992
3420 999
3421 1009
3422 1015
3423 1003
3424 999
3425 944
3426 993
3427 980
3428 971
3429 1012
3430 982
3431 1010
3432 990
3433 982
3434 946
3435 981
3436 998
3437 989
3438 1010
3439 1006
3440 960
3441 960
3442 974
3443 980
3444 982
3445 970
3446 998
3447 1005
3448 998
3449 1008
3450 1003
3451 969
3452 980
3453 957
3454 1003
3455 982
3456 979
3457 999
3458 993
3459 998
3460 988
3461 937
3462 984
3463 1018
3464 1011
3465 1007
3466 975
3467 989
3468 962
3469 976
3470 997
3471 1010
3472 985
3473 979
3474 986
3475 996
3476 967
3477 1006
3478 949
3479 991
3480 1002
3481 994
3482 975
3483 1000
3484 1001
3485 972
3486 985
3487 1012
3488 1004
3489 1003
3490 1006
3491 987
3492 993
3493 967
3494 1000
3495 993
3496 1010
3497 1001
3498 968
3499 984
3500 965
3501 964
3502 964
3503 987
3504 1002
3505 1010
3506 983
3507 972
3508 965
3509 981
3510 960
3511 1014
3512 1019
3513 997
3514 992
3515 1011
3516 993
3517 966
3518 997
3519 1008
3520 993
3521 980
3522 1010
3523 982
3524 948
3525 1006
3526 1002
3527 1007
3528 984
3529 962
3530 977
3531 987
3532 974
3533 999
3534 963
3535 978
3536 972
3537 988
3538 963
3539 999
3540 1008
3541 993
3542 994
3543 982
3544 982
3545 1013
3546 986
3547 969
3548 983
3549 999
3550 965
3551 994
3552 960
3553 1009
3554 981
3555 946
3556 995
3557 992
3558 988
3559 1004
3560 948
3561 978
3562 1001
3563 990
3564 986
3565 1006
3566 983
3567 979
3568 1012
3569 987
3570 995
3571 949
3572 1001
3573 992
3574 993
3575 1010
3576 990
3577 1015
3578 972
3579 993
3580 1015
3581 978
3582 1006
3583 1017
3584 1000
3585 982
3586 943
3587 997
3588 976
3589 966
3590 985
3591 1004
3592 970
3593 961
3594 991
3595 985
3596 990
3597 1003
3598 916
3599 1002
3600 973
3601 1013
3602 958
3603 993
3604 975
3605 972
3606 975
3607 1019
3608 980
3609 983
3610 970
3611 966
3612 966
3613 996
3614 989
3615 1022
3616 992
3617 995
3618 994
3619 977
3620 1001
3621 999
3622 986
3623 1017
3624 997
3625 985
3626 974
3627 987
3628 986
3629 963
3630 962
3631 1004
3632 999
3633 1012
3634 997
3635 987
3636 958
3637 971
3638 999
3639 1007
3640 976
3641 979
3642 994
3643 967
3644 996
3645 1004
3646 1002
3647 999
3648 959
3649 1002
3650 968
3651 1011
3652 1012
3653 980
3654 969
3655 1015
3656 972
3657 1005
3658 1000
3659 998
3660 1001
3661 998
3662 967
3663 1014
3664 998
3665 976
3666 951
3667 968
3668 979
3669 980
3670 986
3671 1018
3672 988
3673 968
3674 996
3675 995
3676 973
3677 974
3678 966
3679 984
3680 1002
3681 986
3682 962
3683 996
3684 977
3685 997
3686 1006
3687 980
3688 981
3689 997
3690 989
3691 991
3692 998
3693 992
3694 996
3695 1007
3696 983
3697 986
3698 986
3699 969
3700 985
3701 914
3702 1013
3703 1022
3704 1002
3705 974
3706 1008
3707 992
3708 975
3709 961
3710 1004
3711 996
3712 1006
3713 999
3714 1001
3715 904
3716 965
3717 979
3718 1001
3719 1013
3720 959
3721 986
3722 981
3723 1009
3724 975
3725 995
3726 980
3727 1000
3728 1008
3729 1014
3730 979
3731 973
3732 992
3733 964
3734 968
3735 1012
3736 991
3737 992
3738 997
3739 1012
3740 964
3741 965
3742 1012
3743 1018
3744 1003
3745 998
3746 989
3747 989
3748 991
3749 998
3750 982
3751 1012
3752 999
3753 985
3754 1009
3755 990
3756 994
3757 978
3758 971
3759 1009
3760 961
3761 1018
3762 1001
3763 994
3764 991
3765 995
3766 973
3767 1005
3768 1009
3769 967
3770 994
3771 1000
3772 978
3773 990
3774 965
3775 1020
3776 967
3777 997
3778 1000
3779 995
3780 968
3781 964
3782 983
3783 981
3784 961
3785 977
3786 963
3787 959
3788 993
3789 962
3790 982
3791 985
3792 1012
3793 1008
3794 963
3795 1000
3796 968
3797 975
3798 1004
3799 987
3800 996
3801 979
3802 981
3803 1018
3804 1010
3805 972
3806 977
3807 1010
3808 1009
3809 998
3810 959
3811 905
3812 1007
3813 985
3814 977
3815 1017
3816 964
3817 987
3818 995
3819 968
3820 973
3821 962
3822 977
3823 999
3824 1001
3825 1004
3826 977
3827 999
3828 1014
3829 957
3830 968
3831 995
3832 978
3833 946
3834 966
3835 974
3836 982
3837 955
3838 993
3839 1011
3840 1010
3841 990
3842 1008
3843 955
3844 977
3845 997
3846 1002
3847 983
3848 989
3849 998
3850 968
3851 970
3852 938
3853 998
3854 997
3855 988
3856 1000
3857 989
3858 1009
3859 964
3860 966
3861 991
3862 963
3863 981
3864 1001
3865 1005
3866 943
3867 1008
3868 962
3869 1015
3870 1007
3871 1004
3872 940
3873 1001
3874 984
3875 1013
3876 951
3877 978
3878 977
3879 1008
3880 1010
3881 988
3882 1008
3883 959
3884 943
3885 1006
3886 998
3887 986
3888 994
3889 998
3890 957
3891 946
3892 959
3893 965
3894 1001
3895 1018
3896 1014
3897 1002
3898 937
3899 973
3900 1014
3901 944
3902 1005
3903 1012
3904 1008
3905 1012
3906 1013
3907 1016
3908 966
3909 975
3910 1007
3911 994
3912 986
3913 1005
3914 966
3915 980
3916 1004
3917 1006
3918 971
3919 987
3920 1005
3921 995
3922 978
3923 1007
3924 963
3925 995
3926 978
3927 1018
3928 989
3929 1015
3930 1009
3931 957
3932 997
3933 1005
3934 985
3935 1004
3936 1002
3937 995
3938 985
3939 999
3940 984
3941 1006
3942 1011
3943 1000
3944 991
3945 986
3946 986
3947 980
3948 968
3949 984
3950 980
3951 973
3952 1003
3953 983
3954 986
3955 969
3956 979
3957 995
3958 1009
3959 1015
3960 983
3961 946
3962 994
3963 960
3964 978
3965 983
3966 1007
3967 1002
3968 950
3969 975
3970 1010
3971 996
3972 997
3973 952
3974 1011
3975 997
3976 979
3977 963
3978 996
3979 1007
3980 989
3981 966
3982 1014
3983 986
3984 981
3985 973
3986 982
3987 987
3988 990
3989 984
3990 957
3991 991
3992 1007
3993 995
3994 944
3995 965
3996 984
3997 968
3998 1002
3999 1017
4000 947
4001 993
4002 981
4003 981
4004 980
4005 1004
4006 998
4007 987
4008 982
4009 973
4010 1006
4011 995
4012 968
4013 1009
4014 973
4015 983
4016 1012
4017 994
4018 895
4019 1001
4020 1001
4021 1009
4022 983
4023 1016
4024 997
4025 982
4026 1015
4027 979
4028 952
4029 980
4030 947
4031 1011
4032 993
4033 946
4034 1016
4035 967
4036 969
4037 958
4038 935
4039 1018
4040 977
4041 997
4042 1002
4043 978
4044 992
4045 989
4046 997
4047 1001
4048 969
4049 974
4050 985
4051 977
4052 1012
4053 1008
4054 992
4055 1009
4056 978
4057 969
4058 1003
4059 998
4060 989
4061 992
4062 954
4063 1009
4064 999
4065 1008
4066 993
4067 966
4068 985
4069 994
4070 988
4071 1012
4072 975
4073 999
4074 996
4075 979
4076 967
4077 996
4078 926
4079 995
4080 986
4081 985
4082 985
4083 957
4084 947
4085 966
4086 951
4087 1012
4088 1017
4089 986
4090 1012
4091 1002
4092 980
4093 974
4094 985
4095 1003
4096 1004
4097 976
4098 991
4099 971
4100 975
4101 1004
4102 998
4103 1000
4104 1001
4105 994
4106 966
4107 960
4108 995
4109 1003
4110 980
4111 1012
4112 970
4113 994
4114 984
4115 979
4116 999
4117 963
4118 944
4119 997
4120 1004
4121 983
4122 1002
4123 976
4124 1001
4125 995
4126 1013
4127 1012
4128 1007
4129 1012
4130 988
4131 973
4132 1001
4133 978
4134 1015
4135 1015
4136 1006
4137 997
4138 961
4139 986
4140 999
4141 1010
4142 981
4143 998
4144 980
4145 1005
4146 984
4147 982
4148 1004
4149 1017
4150 960
4151 1017
4152 985
4153 992
4154 960
4155 950
4156 1006
4157 1010
4158 962
4159 1018
4160 989
4161 1002
4162 1000
4163 994
4164 980
4165 949
4166 977
4167 984
4168 974
4169 967
4170 1019
4171 968
4172 967
4173 1006
4174 1005
4175 991
4176 984
4177 998
4178 1008
4179 976
4180 990
4181 983
4182 958
4183 1009
4184 1001
4185 1003
4186 919
4187 1019
4188 1004
4189 948
4190 1004
4191 1000
4192 998
4193 979
4194 963
4195 973
4196 977
4197 1007
4198 970
4199 1000
4200 986
4201 1010
4202 978
4203 988
4204 1007
4205 969
4206 1012
4207 1010
4208 1002
4209 956
4210 959
4211 1000
4212 978
4213 1009
4214 937
4215 1012
4216 1008
4217 1005
4218 963
4219 1004
4220 977
4221 994
4222 969
4223 991
4224 1009
4225 973
4226 991
4227 1005
4228 972
4229 961
4230 983
4231 1018
4232 1014
4233 1012
4234 973
4235 983
4236 995
4237 960
4238 957
4239 1019
4240 994
4241 983
4242 1014
4243 956
4244 1007
4245 987
4246 930
4247 1011
4248 1013
4249 969
4250 970
4251 991
4252 1011
4253 972
4254 993
4255 1015
4256 999
4257 1011
4258 989
4259 986
4260 991
4261 975
4262 975
4263 1002
4264 980
4265 1005
4266 946
4267 983
4268 998
4269 949
4270 986
4271 1009
4272 992
4273 990
4274 916
4275 997
4276 935
4277 995
4278 964
4279 1009
4280 994
4281 1008
4282 1013
4283 958
4284 968
4285 992
4286 996
4287 1012
4288 987
4289 980
4290 978
4291 991
4292 995
4293 987
4294 987
4295 1004
4296 986
4297 966
4298 991
4299 1004
4300 984
4301 964
4302 985
4303 1014
4304 996
4305 924
4306 972
4307 992
4308 981
4309 961
4310 969
4311 1007
4312 1011
4313 968
4314 987
4315 977
4316 994
4317 989
4318 999
4319 994
4320 982
4321 983
4322 973
4323 961
4324 980
4325 975
4326 988
4327 1018
4328 981
4329 978
4330 963
4331 991
4332 1004
4333 983
4334 1007
4335 986
4336 991
4337 993
4338 985
4339 947
4340 962
4341 962
4342 977
4343 976
4344 998
4345 1000
4346 980
4347 986
4348 983
4349 993
4350 994
4351 968
4352 975
4353 1015
4354 988
4355 970
4356 987
4357 976
4358 985
4359 1020
4360 995
4361 943
4362 996
4363 994
4364 993
4365 999
4366 1005
4367 989
4368 997
4369 999
4370 978
4371 995
4372 980
4373 989
4374 999
4375 985
4376 960
4377 932
4378 981
4379 1006
4380 987
4381 995
4382 1001
4383 1001
4384 978
4385 963
4386 955
4387 977
4388 974
4389 964
4390 961
4391 993
4392 969
4393 993
4394 1010
4395 958
4396 967
4397 996
4398 1005
4399 1020
4400 1013
4401 1002
4402 980
4403 1004
4404 1005
4405 989
4406 1009
4407 1016
4408 982
4409 968
4410 969
4411 988
4412 1008
4413 988
4414 968
4415 1007
4416 974
4417 1000
4418 985
4419 993
4420 1008
4421 1000
4422 1000
4423 1017
4424 1002
4425 1002
4426 981
4427 951
4428 974
4429 973
4430 1000
4431 1008
4432 976
4433 987
4434 968
4435 1008
4436 1002
4437 954
4438 999
4439 1004
4440 934
4441 1008
4442 989
4443 973
4444 1002
4445 1009
4446 975
4447 1009
4448 983
4449 942
4450 996
4451 996
4452 979
4453 978
4454 985
4455 996
4456 982
4457 979
4458 1001
4459 1007
4460 949
4461 956
4462 943
4463 993
4464 998
4465 944
4466 965
4467 1004
4468 992
4469 966
4470 997
4471 991
4472 984
4473 966
4474 1009
4475 982
4476 983
4477 974
4478 994
4479 1002
4480 991
4481 1010
4482 1000
4483 980
4484 985
4485 989
4486 1013
4487 1019
4488 975
4489 948
4490 974
4491 990
4492 968
4493 983
4494 1011
4495 1016
4496 954
4497 1003
4498 990
4499 964
4500 1009
4501 995
4502 976
4503 987
4504 1004
4505 966
4506 984
4507 962
4508 983
4509 937
4510 990
4511 973
4512 934
4513 1015
4514 998
4515 996
4516 946
4517 996
4518 1000
4519 997
4520 984
4521 1011
4522 995
4523 985
4524 992
4525 1004
4526 988
4527 1005
4528 1007
4529 1000
4530 978
4531 960
4532 1004
4533 975
4534 988
4535 981
4536 965
4537 974
4538 984
4539 1013
4540 975
4541 966
4542 1003
4543 1002
4544 998
4545 965
4546 992
4547 993
4548 982
4549 1010
4550 996
4551 984
4552 1011
4553 951
4554 972
4555 992
4556 965
4557 927
4558 1006
4559 1011
4560 983
4561 962
4562 982
4563 1005
4564 963
4565 1002
4566 985
4567 1007
4568 998
4569 990
4570 982
4571 966
4572 978
4573 985
4574 1008
4575 1019
4576 931
4577 999
4578 1007
4579 977
4580 992
4581 981
4582 972
4583 993
4584 997
4585 1006
4586 985
4587 966
4588 961
4589 982
4590 992
4591 986
4592 967
4593 1003
4594 957
4595 1001
4596 1006
4597 970
4598 1014
4599 1015
4600 978
4601 979
4602 981
4603 939
4604 1011
4605 998
4606 969
4607 1005
4608 968
4609 999
4610 1013
4611 980
4612 935
4613 990
4614 991
4615 1008
4616 995
4617 977
4618 984
4619 997
4620 962
4621 963
4622 1008
4623 1014
4624 992
4625 994
4626 995
4627 969
4628 974
4629 971
4630 1009
4631 1017
4632 993
4633 972
4634 916
4635 1002
4636 988
4637 979
4638 987
4639 1014
4640 982
4641 1018
4642 942
4643 967
4644 932
4645 962
4646 987
4647 1017
4648 941
4649 964
4650 1001
4651 985
4652 998
4653 983
4654 974
4655 993
4656 995
4657 999
4658 965
4659 954
4660 964
4661 940
4662 971
4663 1012
4664 991
4665 998
4666 976
4667 979
4668 981
4669 993
4670 978
4671 1012
4672 988
4673 1003
4674 980
4675 971
4676 968
4677 989
4678 964
4679 1010
4680 990
4681 973
4682 993
4683 999
4684 951
4685 973
4686 945
4687 981
4688 997
4689 961
4690 980
4691 964
4692 1006
4693 987
4694 998
4695 1004
4696 980
4697 969
4698 986
4699 989
4700 999
4701 974
4702 1007
4703 1015
4704 968
4705 1005
4706 974
4707 1012
4708 969
4709 1007
4710 1003
4711 982
4712 968
4713 942
4714 1012
4715 1010
4716 1014
4717 953
4718 957
4719 982
4720 988
4721 1018
4722 963
4723 988
4724 969
4725 999
4726 982
4727 1011
4728 1003
4729 969
4730 949
4731 990
4732 968
4733 956
4734 990
4735 981
4736 980
4737 994
4738 1007
4739 994
4740 998
4741 1010
4742 1009
4743 1012
4744 1009
4745 999
4746 977
4747 1006
4748 982
4749 1002
4750 1007
4751 985
4752 977
4753 1010
4754 975
4755 977
4756 992
4757 998
4758 972
4759 1005
4760 970
4761 977
4762 1000
4763 956
4764 980
4765 975
4766 977
4767 1013
4768 1004
4769 1003
4770 992
4771 993
4772 974
4773 997
4774 996
4775 1019
4776 968
4777 998
4778 937
4779 986
4780 989
4781 958
4782 1007
4783 1011
4784 993
4785 1015
4786 982
4787 1005
4788 961
4789 997
4790 994
4791 1014
4792 1009
4793 982
4794 973
4795 1009
4796 969
4797 1012
4798 946
4799 1012
4800 995
4801 1004
4802 1017
4803 974
4804 984
4805 1000
4806 976
4807 990
4808 984
4809 966
4810 973
4811 987
4812 986
4813 985
4814 930
4815 1019
4816 961
4817 977
4818 1006
4819 991
4820 985
4821 996
4822 972
4823 1000
4824 1005
4825 973
4826 993
4827 974
4828 978
4829 1001
4830 987
4831 985
4832 990
4833 988
4834 1000
4835 990
4836 951
4837 1004
4838 986
4839 1017
4840 1017
4841 1006
4842 995
4843 987
4844 996
4845 996
4846 995
4847 962
4848 1007
4849 997
4850 985
4851 985
4852 976
4853 1000
4854 991
4855 1001
4856 986
4857 1007
4858 983
4859 980
4860 1003
4861 1017
4862 1007
4863 997
4864 975
4865 992
4866 996
4867 999
4868 957
4869 969
4870 996
4871 1001
4872 986
4873 1007
4874 1008
4875 971
4876 998
4877 982
4878 1004
4879 1007
4880 1001
4881 998
4882 1012
4883 986
4884 991
4885 1005
4886 986
4887 980
4888 1010
4889 974
4890 1006
4891 990
4892 1010
4893 988
4894 980
4895 1019
4896 977
4897 995
4898 993
4899 987
4900 950
4901 1009
4902 982
4903 990
4904 977
4905 981
4906 984
4907 1004
4908 979
4909 998
4910 1002
4911 1016
4912 979
4913 1018
4914 990
4915 960
4916 961
4917 985
4918 996
4919 1018
4920 999
4921 989
4922 1008
4923 1011
4924 1006
4925 1003
4926 986
4927 1022
4928 1002
4929 990
4930 971
4931 994
4932 988
4933 975
4934 984
4935 999
4936 985
4937 993
4938 977
4939 1005
4940 994
4941 985
4942 988
4943 990
4944 991
4945 1009
4946 1005
4947 995
4948 978
4949 963
4950 977
4951 1004
4952 958
4953 960
4954 982
4955 1005
4956 986
4957 975
4958 1005
4959 1005
4960 971
4961 976
4962 980
4963 1010
4964 949
4965 975
4966 982
4967 984
4968 972
4969 963
4970 965
4971 985
4972 1005
4973 1004
4974 1017
4975 1016
4976 988
4977 1005
4978 974
4979 983
4980 967
4981 960
4982 941
4983 1003
4984 1006
4985 972
4986 997
4987 996
4988 985
4989 987
4990 994
4991 980
4992 986
4993 959
4994 992
4995 984
4996 1008
4997 949
4998 1015
4999 1018
5000 996
5001 981
5002 988
5003 1001
5004 1003
5005 1001
5006 1002
5007 1005
5008 958
5009 976
5010 978
5011 977
5012 1011
5013 996
5014 971
5015 995
5016 992
5017 985
5018 990
5019 966
5020 998
5021 987
5022 971
5023 988
5024 974
5025 987
5026 997
5027 950
5028 997
5029 963
5030 971
5031 1017
5032 992
5033 997
5034 996
5035 982
5036 988
5037 997
5038 959
5039 1017
5040 994
5041 1005
5042 998
5043 983
5044 947
5045 983
5046 988
5047 1012
5048 1018
5049 963
5050 1000
5051 1003
5052 984
5053 983
5054 998
5055 1012
5056 954
5057 997
5058 1007
5059 945
5060 970
5061 991
5062 986
5063 1010
5064 1011
5065 956
5066 965
5067 982
5068 981
5069 1002
5070 987
5071 988
5072 966
5073 995
5074 990
5075 991
5076 942
5077 1006
5078 1010
5079 1018
5080 1004
5081 968
5082 996
5083 1008
5084 1004
5085 987
5086 946
5087 1006
5088 997
5089 990
5090 969
5091 996
5092 962
5093 1011
5094 988
5095 986
5096 958
5097 1005
5098 988
5099 963
5100 1005
5101 965
5102 992
5103 1016
5104 1001
5105 986
5106 970
5107 991
5108 974
5109 970
5110 993
5111 987
5112 982
5113 986
5114 987
5115 974
5116 954
5117 1021
5118 968
5119 995
5120 1003
5121 1014
5122 981
5123 1014
5124 1003
5125 1004
5126 982
5127 988
5128 965
5129 974
5130 999
5131 1012
5132 968
5133 968
5134 971
5135 997
5136 994
5137 961
5138 1011
5139 1014
5140 987
5141 973
5142 971
5143 990
5144 984
5145 971
5146 1003
5147 982
5148 998
5149 1006
5150 964
5151 1015
5152 1003
5153 985
5154 1000
5155 1005
5156 1010
5157 1011
5158 960
5159 1006
5160 1011
5161 970
5162 1006
5163 990
5164 1005
5165 1011
5166 984
5167 1015
5168 966
5169 963
5170 985
5171 999
5172 988
5173 995
5174 994
5175 998
5176 947
5177 1001
5178 981
5179 981
5180 983
5181 999
5182 1004
5183 1015
5184 1001
5185 1015
5186 987
5187 978
5188 986
5189 1013
5190 948
5191 1013
5192 942
5193 999
5194 987
5195 962
5196 995
5197 997
5198 990
5199 988
5200 965
5201 963
5202 974
5203 944
5204 989
5205 986
5206 932
5207 1015
5208 1000
5209 980
5210 965
5211 994
5212 1007
5213 1007
5214 967
5215 977
5216 998
5217 994
5218 999
5219 980
5220 989
5221 946
5222 1013
5223 992
5224 998
5225 976
5226 955
5227 981
5228 990
5229 1018
5230 984
5231 1016
5232 1007
5233 1004
5234 1009
5235 956
5236 983
5237 986
5238 971
5239 1013
5240 991
5241 999
5242 992
5243 988
5244 991
5245 976
5246 979
5247 982
5248 970
5249 975
5250 985
5251 1012
5252 1011
5253 1011
5254 969
5255 1017
5256 973
5257 988
5258 978
5259 956
5260 977
5261 983
5262 1004
5263 991
5264 951
5265 995
5266 980
5267 948
5268 951
5269 980
5270 987
5271 990
5272 1005
5273 984
5274 967
5275 971
5276 1004
5277 983
5278 994
5279 995
5280 972
5281 996
5282 973
5283 980
5284 1011
5285 959
5286 992
5287 996
5288 989
5289 973
5290 1001
5291 970
5292 974
5293 967
5294 1007
5295 982
5296 993
5297 1003
5298 998
5299 994
5300 974
5301 960
5302 972
5303 1008
5304 952
5305 1006
5306 1008
5307 980
5308 1006
5309 1001
5310 995
5311 1012
5312 1001
5313 997
5314 989
5315 984
5316 983
5317 996
5318 1009
5319 1016
5320 973
5321 975
5322 997
5323 959
5324 1003
5325 986
5326 965
5327 1012
5328 1012
5329 983
5330 1000
5331 992
5332 990
5333 1006
5334 987
5335 1011
5336 1007
5337 993
5338 991
5339 922
5340 976
5341 982
5342 1000
5343 986
5344 969
5345 1007
5346 974
5347 967
5348 1005
5349 987
5350 1016
5351 1018
5352 1000
5353 999
5354 974
5355 974
5356 979
5357 954
5358 997
5359 1006
5360 996
5361 1016
5362 974
5363 988
5364 968
5365 970
5366 979
5367 988
5368 991
5369 1003
5370 984
5371 958
5372 1005
5373 1000
5374 1008
5375 1018
5376 956
5377 1008
5378 1003
5379 974
5380 993
5381 977
5382 1018
5383 1009
5384 1003
5385 1010
5386 1002
5387 989
5388 1001
5389 999
5390 971
5391 993
5392 1006
5393 1011
5394 993
5395 996
5396 996
5397 937
5398 964
5399 1002
5400 998
5401 992
5402 982
5403 988
5404 974
5405 986
5406 994
5407 981
5408 979
5409 1008
5410 949
5411 1002
5412 998
5413 976
5414 961
5415 1018
5416 988
5417 962
5418 983
5419 996
5420 1001
5421 964
5422 994
5423 1016
5424 1010
5425 996
5426 979
5427 947
5428 1006
5429 992
5430 966
5431 988
5432 993
5433 967
5434 1005
5435 1006
5436 986
5437 972
5438 1004
5439 1013
5440 1006
5441 970
5442 1002
5443 993
5444 991
5445 974
5446 980
5447 1016
5448 976
5449 1010
5450 980
5451 974
5452 1000
5453 966
5454 971
5455 1007
5456 977
5457 980
5458 960
5459 1011
5460 980
5461 1011
5462 994
5463 1012
5464 1001
5465 940
5466 1002
5467 955
5468 962
5469 987
5470 1008
5471 978
5472 991
5473 995
5474 1007
5475 971
5476 1008
5477 988
5478 1018
5479 987
5480 980
5481 981
5482 938
5483 983
5484 1005
5485 996
5486 996
5487 980
5488 987
5489 976
5490 1002
5491 969
5492 975
5493 978
5494 955
5495 987
5496 998
5497 984
5498 1003
5499 987
5500 1008
5501 994
5502 985
5503 1009
5504 951
5505 1006
5506 974
5507 959
5508 975
5509 966
5510 984
5511 1011
5512 963
5513 999
5514 982
5515 988
5516 961
5517 978
5518 990
5519 990
5520 1005
5521 947
5522 989
5523 985
5524 950
5525 1006
5526 985
5527 1002
5528 1017
5529 1003
5530 985
5531 992
5532 996
5533 993
5534 1002
5535 983
5536 975
5537 1007
5538 976
5539 977
5540 994
5541 974
5542 987
5543 996
5544 992
5545 974
5546 954
5547 1003
5548 965
5549 1000
5550 994
5551 979
5552 958
5553 1002
5554 972
5555 970
5556 983
5557 992
5558 1010
5559 1008
5560 951
5561 981
5562 956
5563 962
5564 958
5565 961
5566 987
5567 1005
5568 1006
5569 979
5570 997
5571 956
5572 963
5573 993
5574 951
5575 1007
5576 974
5577 1002
5578 1005
5579 951
5580 985
5581 1007
5582 1008
5583 985
5584 1001
5585 967
5586 992
5587 999
5588 983
5589 966
5590 975
5591 1018
5592 1014
5593 994
5594 962
5595 994
5596 981
5597 1011
5598 1006
5599 991
5600 974
5601 989
5602 974
5603 1004
5604 991
5605 998
5606 996
5607 1017
5608 966
5609 1008
5610 966
5611 993
5612 1000
5613 995
5614 973
5615 978
5616 975
5617 966
5618 989
5619 988
5620 984
5621 976
5622 983
5623 1018
5624 969
5625 988
5626 998
5627 1002
5628 982
5629 1003
5630 998
5631 1012
5632 975
5633 982
5634 975
5635 1000
5636 983
5637 1001
5638 1014
5639 983
5640 949
5641 995
5642 992
5643 940
5644 995
5645 993
5646 992
5647 997
5648 968
5649 987
5650 961
5651 1007
5652 986
5653 1003
5654 975
5655 1000
5656 983
5657 1000
5658 999
5659 979
5660 971
5661 1019
5662 1010
5663 979
5664 991
5665 1000
5666 1010
5667 996
5668 990
5669 985
5670 996
5671 1008
5672 987
5673 992
5674 979
5675 1010
5676 974
5677 967
5678 1007
5679 1001
5680 980
5681 995
5682 1011
5683 1005
5684 1007
5685 980
5686 996
5687 998
5688 933
5689 1001
5690 1009
5691 983
5692 994
5693 997
5694 990
5695 1002
5696 1006
5697 992
5698 1000
5699 967
5700 988
5701 1008
5702 999
5703 1011
5704 982
5705 987
5706 1010
5707 1008
5708 991
5709 962
5710 987
5711 986
5712 971
5713 985
5714 982
5715 988
5716 965
5717 983
5718 1004
5719 993
5720 966
5721 968
5722 996
5723 984
5724 985
5725 952
5726 1002
5727 1022
5728 974
5729 988
5730 972
5731 996
5732 991
5733 920
5734 1006
5735 1011
5736 983
5737 991
5738 971
5739 956
5740 1000
5741 987
5742 1009
5743 989
5744 986
5745 1001
5746 998
5747 985
5748 981
5749 974
5750 938
5751 1023
5752 982
5753 1016
5754 977
5755 996
5756 976
5757 1013
5758 971
5759 993
5760 1015
5761 968
5762 969
5763 986
5764 1008
5765 941
5766 978
5767 1008
5768 987
5769 948
5770 967
5771 987
5772 1001
5773 982
5774 998
5775 1014
5776 995
5777 933
5778 974
5779 1004
5780 988
5781 986
5782 1011
5783 1013
5784 951
5785 1000
5786 999
5787 1008
5788 948
5789 994
5790 992
5791 994
5792 1012
5793 1000
5794 955
5795 981
5796 932
5797 971
5798 997
5799 1015
5800 993
5801 959
5802 971
5803 974
5804 1011
5805 1005
5806 952
5807 941
5808 988
5809 954
5810 963
5811 975
5812 1006
5813 956
5814 969
5815 1010
5816 944
5817 1016
5818 981
5819 966
5820 976
5821 1012
5822 977
5823 1005
5824 1002
5825 1008
5826 960
5827 972
5828 936
5829 978
5830 979
5831 1014
5832 950
5833 928
5834 982
5835 1002
5836 983
5837 944
5838 1003
5839 1010
5840 1002
5841 1013
5842 977
5843 975
5844 996
5845 988
5846 992
5847 997
5848 995
5849 1003
5850 997
5851 959
5852 1006
5853 1009
5854 1005
5855 985
5856 974
5857 1004
5858 983
5859 962
5860 993
5861 985
5862 972
5863 991
5864 1003
5865 987
5866 994
5867 971
5868 996
5869 955
5870 968
5871 1021
5872 1008
5873 947
5874 977
5875 973
5876 925
5877 962
5878 957
5879 1015
5880 983
5881 988
5882 983
5883 985
5884 1001
5885 992
5886 1014
5887 1000
5888 962
5889 989
5890 957
5891 969
5892 1005
5893 971
5894 1001
5895 998
5896 1011
5897 991
5898 968
5899 1015
5900 999
5901 991
5902 955
5903 1013
5904 996
5905 967
5906 987
5907 979
5908 970
5909 1012
5910 981
5911 1010
5912 992
5913 993
5914 958
5915 979
5916 1004
5917 998
5918 1008
5919 1022
5920 965
5921 957
5922 995
5923 991
5924 954
5925 996
5926 1008
5927 1022
5928 965
5929 969
5930 1001
5931 982
5932 986
5933 996
5934 958
5935 983
5936 1013
5937 998
5938 972
5939 991
5940 996
5941 1006
5942 994
5943 1000
5944 1007
5945 1007
5946 976
5947 980
5948 995
5949 1008
5950 979
5951 987
5952 957
5953 976
5954 991
5955 1009
5956 990
5957 1010
5958 971
5959 1017
5960 961
5961 972
5962 971
5963 996
5964 970
5965 970
5966 951
5967 986
5968 1010
5969 987
5970 985
5971 984
5972 984
5973 987
5974 955
5975 986
5976 968
5977 982
5978 983
5979 987
5980 1000
5981 995
5982 967
5983 1016
5984 942
5985 964
5986 975
5987 974
5988 996
5989 1000
5990 1012
5991 1008
5992 945
5993 970
5994 965
5995 1003
5996 989
5997 970
5998 984
5999 1022
6000 1008
6001 987
6002 988
6003 985
6004 1006
6005 991
6006 984
6007 983
6008 1013
6009 973
6010 1006
6011 983
6012 988
6013 997
6014 960
6015 1017
6016 1008
6017 1002
6018 1006
6019 978
6020 986
6021 984
6022 999
6023 1013
6024 989
6025 1009
6026 998
6027 996
6028 992
6029 976
6030 1001
6031 1006
6032 966
6033 1019
6034 958
6035 1014
6036 970
6037 1008
6038 1003
6039 1000
6040 989
6041 994
6042 992
6043 971
6044 947
6045 981
6046 961
6047 1008
6048 992
6049 991
6050 990
6051 1012
6052 978
6053 998
6054 984
6055 1006
6056 1000
6057 991
6058 973
6059 993
6060 1001
6061 1000
6062 982
6063 993
6064 1006
6065 964
6066 1013
6067 969
6068 960
6069 932
6070 1001
6071 1000
6072 987
6073 969
6074 1006
6075 1014
6076 999
6077 1001
6078 988
6079 1002
6080 1006
6081 1012
6082 972
6083 999
6084 992
6085 1007
6086 1001
6087 978
6088 979
6089 993
6090 988
6091 980
6092 1008
6093 993
6094 985
6095 1019
6096 981
6097 1000
6098 968
6099 975
6100 977
6101 956
6102 993
6103 990
6104 1003
6105 980
6106 970
6107 964
6108 982
6109 989
6110 1011
6111 978
6112 989
6113 992
6114 1008
6115 947
6116 993
6117 968
6118 983
6119 1010
6120 988
6121 958
6122 975
6123 969
6124 1007
6125 950
6126 959
6127 1012
6128 1002
6129 1003
6130 940
6131 999
6132 954
6133 1014
6134 1009
6135 1002
6136 999
6137 985
6138 999
6139 979
6140 987
6141 980
6142 1000
6143 1007
6144 946
6145 991
6146 957
6147 967
6148 1010
6149 1005
6150 977
6151 1021
6152 928
6153 989
6154 1013
6155 1009
6156 1008
6157 985
6158 984
6159 1015
6160 982
6161 966
6162 1008
6163 959
6164 995
6165 996
6166 945
6167 1015
6168 1010
6169 973
6170 993
6171 962
6172 986
6173 973
6174 968
6175 1021
6176 1000
6177 935
6178 987
6179 996
6180 983
6181 985
6182 1003
6183 1006
6184 993
6185 992
6186 992
6187 970
6188 976
6189 949
6190 986
6191 1013
6192 979
6193 974
6194 1004
6195 988
6196 987
6197 993
6198 969
6199 1005
6200 1009
6201 952
6202 996
6203 983
6204 970
6205 996
6206 999
6207 1021
6208 962
6209 987
6210 989
6211 990
6212 1000
6213 990
6214 962
6215 982
6216 983
6217 987
6218 979
6219 982
6220 986
6221 963
6222 1007
6223 1009
6224 1001
6225 980
6226 992
6227 976
6228 991
6229 985
6230 998
6231 1010
6232 982
6233 991
6234 983
6235 954
6236 994
6237 992
6238 1008
6239 1017
6240 976
6241 986
6242 981
6243 999
6244 978
6245 997
6246 945
6247 1016
6248 987
6249 957
6250 993
6251 990
6252 996
6253 983
6254 992
6255 1011
6256 1010
6257 999
6258 985
6259 965
6260 978
6261 983
6262 979
6263 985
6264 954
6265 986
6266 982
6267 1003
6268 1000
6269 965
6270 986
6271 985
6272 1009
6273 974
6274 995
6275 1006
6276 948
6277 982
6278 1004
6279 987
6280 997
6281 1006
6282 956
6283 985
6284 977
6285 961
6286 1001
6287 984
6288 1019
6289 988
6290 968
6291 976
6292 1004
6293 997
6294 985
6295 1010
6296 989
6297 993
6298 974
6299 998
6300 1006
6301 987
6302 986
6303 1013
6304 987
6305 991
6306 948
6307 968
6308 1012
6309 1002
6310 989
6311 979
6312 983
6313 933
6314 993
6315 939
6316 1001
6317 995
6318 1007
6319 962
6320 984
6321 993
6322 953
6323 964
6324 1000
6325 983
6326 951
6327 1001
6328 959
6329 990
6330 998
6331 975
6332 979
6333 1015
6334 987
6335 986
6336 1002
6337 969
6338 988
6339 1001
6340 985
6341 1009
6342 933
6343 997
6344 957
6345 998
6346 1001
6347 978
6348 936
6349 1013
6350 975
6351 964
6352 973
6353 983
6354 997
6355 1003
6356 998
6357 1012
6358 981
6359 1018
6360 974
6361 1000
6362 975
6363 984
6364 991
6365 1003
6366 981
6367 983
6368 997
6369 976
6370 950
6371 988
6372 995
6373 989
6374 974
6375 978
6376 970
6377 1002
6378 995
6379 935
6380 976
6381 980
6382 986
6383 1005
6384 971
6385 1003
6386 957
6387 997
6388 1004
6389 1005
6390 970
6391 1019
6392 963
6393 970
6394 1010
6395 952
6396 1006
6397 943
6398 988
6399 1009
6400 999
6401 986
6402 965
6403 984
6404 990
6405 981
6406 1000
6407 1002
6408 975
6409 986
6410 977
6411 988
6412 988
6413 972
6414 985
6415 1012
6416 972
6417 1002
6418 978
6419 993
6420 998
6421 999
6422 1001
6423 1015
6424 1009
6425 980
6426 969
6427 970
6428 970
6429 995
6430 1006
6431 1010
6432 969
6433 992
6434 993
6435 978
6436 994
6437 1002
6438 1001
6439 980
6440 1011
6441 1011
6442 999
6443 998
6444 991
6445 1003
6446 920
6447 1016
6448 981
6449 1009
6450 974
6451 973
6452 978
6453 984
6454 993
6455 976
6456 1008
6457 1004
6458 1003
6459 984
6460 1000
6461 992
6462 997
6463 983
6464 974
6465 1010
6466 942
6467 1003
6468 973
6469 1007
6470 963
6471 1017
6472 1006
6473 987
6474 980
6475 1001
6476 998
6477 983
6478 941
6479 981
6480 987
6481 997
6482 970
6483 972
6484 1005
6485 1004
6486 982
6487 984
6488 977
6489 1010
6490 985
6491 1001
6492 1004
6493 993
6494 946
6495 1014
6496 977
6497 961
6498 969
6499 1005
6500 950
6501 997
6502 1010
6503 1021
6504 961
6505 979
6506 986
6507 1006
6508 974
6509 953
6510 998
6511 986
6512 1010
6513 978
6514 923
6515 970
6516 958
6517 978
6518 1003
6519 1014
6520 998
6521 1006
6522 1010
6523 981
6524 1001
6525 977
6526 979
6527 982
6528 1000
6529 971
6530 989
6531 994
6532 998
6533 981
6534 976
6535 1016
6536 965
6537 1008
6538 973
6539 1013
6540 972
6541 994
6542 975
6543 987
6544 973
6545 973
6546 993
6547 958
6548 986
6549 988
6550 1001
6551 997
6552 1000
6553 991
6554 1015
6555 965
6556 984
6557 1007
6558 984
6559 999
6560 954
6561 1011
6562 987
6563 985
6564 986
6565 981
6566 1012
6567 1011
6568 1021
6569 1007
6570 980
6571 1001
6572 992
6573 967
6574 990
6575 983
6576 908
6577 988
6578 1004
6579 970
6580 979
6581 1012
6582 1006
6583 1009
6584 927
6585 980
6586 999
6587 1003
6588 991
6589 967
6590 984
6591 959
6592 1013
6593 972
6594 1004
6595 973
6596 990
6597 963
6598 1012
6599 994
6600 976
6601 988
6602 994
6603 1009
6604 998
6605 1000
6606 987
6607 995
6608 974
6609 965
6610 993
6611 1002
6612 1010
6613 975
6614 995
6615 980
6616 964
6617 1001
6618 984
6619 952
6620 1005
6621 963
6622 983
6623 1013
6624 975
6625 1008
6626 1000
6627 972
6628 1005
6629 996
6630 976
6631 980
6632 937
6633 1006
6634 970
6635 1007
6636 1016
6637 987
6638 1014
6639 1010
6640 1010
6641 975
6642 1004
6643 990
6644 952
6645 976
6646 970
6647 1008
6648 993
6649 1006
6650 980
6651 1008
6652 1003
6653 1008
6654 990
6655 977
6656 996
6657 984
6658 999
6659 971
6660 965
6661 988
6662 1013
6663 1020
6664 998
6665 966
6666 965
6667 945
6668 1015
6669 1009
6670 995
6671 978
6672 983
6673 974
6674 973
6675 1002
6676 1003
6677 1009
6678 938
6679 991
6680 975
6681 992
6682 996
6683 963
6684 984
6685 978
6686 997
6687 977
6688 966
6689 969
6690 989
6691 977
6692 1000
6693 983
6694 948
6695 1016
6696 996
6697 976
6698 931
6699 963
6700 994
6701 999
6702 1010
6703 1018
6704 1010
6705 985
6706 987
6707 983
6708 974
6709 991
6710 958
6711 1023
6712 951
6713 982
6714 999
6715 987
6716 997
6717 996
6718 997
6719 1003
6720 980
6721 1006
6722 1001
6723 995
6724 976
6725 1006
6726 998
6727 1014
6728 1006
6729 979
6730 982
6731 1006
6732 969
6733 1022
6734 973
6735 1018
6736 998
6737 1013
6738 953
6739 969
6740 971
6741 980
6742 1007
6743 986
6744 991
6745 1001
6746 1002
6747 971
6748 984
6749 999
6750 943
6751 983
6752 968
6753 970
6754 982
6755 973
6756 1004
6757 951
6758 1012
6759 1013
6760 971
6761 1008
6762 986
6763 986
6764 975
6765 980
6766 975
6767 987
6768 941
6769 1004
6770 977
6771 1000
6772 978
6773 1006
6774 999
6775 1017
6776 969
6777 990
6778 1004
6779 996
6780 961
6781 1001
6782 1002
6783 1000
6784 1004
6785 1011
6786 971
6787 1011
6788 1009
6789 981
6790 1007
6791 989
6792 979
6793 961
6794 972
6795 1005
6796 1001
6797 963
6798 952
6799 985
6800 960
6801 974
6802 1000
6803 968
6804 970
6805 987
6806 941
6807 998
6808 974
6809 1004
6810 986
6811 975
6812 1003
6813 1002
6814 1008
6815 1010
6816 982
6817 1005
6818 1004
6819 1004
6820 993
6821 995
6822 989
6823 1000
6824 1006
6825 958
6826 944
6827 985
6828 993
6829 998
6830 969
6831 986
6832 1010
6833 988
6834 973
6835 970
6836 965
6837 938
6838 984
6839 1018
6840 989
6841 985
6842 972
6843 983
6844 978
6845 965
6846 983
6847 998
6848 969
6849 963
6850 975
6851 982
6852 984
6853 1000
6854 1019
6855 998
6856 944
6857 983
6858 970
6859 988
6860 987
6861 997
6862 992
6863 1016
6864 982
6865 979
6866 982
6867 961
6868 973
6869 968
6870 947
6871 1008
6872 947
6873 986
6874 997
6875 1000
6876 1018
6877 976
6878 948
6879 1002
6880 1002
6881 954
6882 983
6883 994
6884 990
6885 966
6886 1007
6887 982
6888 1006
6889 957
6890 949
6891 966
6892 998
6893 960
6894 997
6895 1016
6896 1001
6897 950
6898 1002
6899 1003
6900 963
6901 951
6902 976
6903 1016
6904 1006
6905 979
6906 985
6907 987
6908 1000
6909 1010
6910 984
6911 1012
6912 980
6913 1005
6914 981
6915 997
6916 975
6917 976
6918 1013
6919 1013
6920 969
6921 951
6922 983
6923 965
6924 1008
6925 969
6926 990
6927 984
6928 986
6929 1004
6930 997
6931 967
6932 969
6933 976
6934 991
6935 1002
6936 993
6937 969
6938 974
6939 1010
6940 989
6941 991
6942 976
6943 1019
6944 994
6945 986
6946 976
6947 988
6948 955
6949 955
6950 1013
6951 1012
6952 941
6953 978
6954 1001
6955 980
6956 954
6957 983
6958 998
6959 1011
6960 1000
6961 1014
6962 993
6963 999
6964 1005
6965 971
6966 965
6967 987
6968 951
6969 1011
6970 974
6971 1001
6972 1000
6973 976
6974 1005
6975 1016
6976 1009
6977 977
6978 963
6979 1003
6980 916
6981 979
6982 1004
6983 1003
6984 991
6985 977
6986 970
6987 978
6988 997
6989 1006
6990 972
6991 1007
6992 997
6993 990
6994 992
6995 1004
6996 977
6997 964
6998 997
6999 1016
7000 972
7001 1009
7002 963
7003 1006
7004 989
7005 1002
7006 998
7007 998
7008 1003
7009 1003
7010 991
7011 993
7012 963
7013 988
7014 948
7015 1015
7016 975
7017 1004
7018 987
7019 993
7020 1002
7021 999
7022 997
7023 1016
7024 989
7025 963
7026 992
7027 999
7028 1010
7029 975
7030 937
7031 998
7032 961
7033 975
7034 979
7035 1000
7036 945
7037 978
7038 1002
7039 1015
7040 988
7041 1011
7042 971
7043 974
7044 996
7045 992
7046 980
7047 977
7048 966
7049 972
7050 958
7051 976
7052 986
7053 987
7054 1002
7055 1014
7056 975
7057 947
7058 929
7059 1012
7060 987
7061 939
7062 971
7063 1006
7064 1009
7065 1001
7066 955
7067 993
7068 975
7069 1006
7070 965
7071 1008
7072 1007
7073 980
7074 919
7075 1013
7076 1013
7077 972
7078 998
7079 997
7080 992
7081 996
7082 982
7083 1009
7084 1015
7085 991
7086 978
7087 978
7088 1005
7089 984
7090 982
7091 962
7092 962
7093 976
7094 1009
7095 1022
7096 989
7097 966
7098 981
7099 988
7100 1009
7101 983
7102 1000
7103 990
7104 990
7105 980
7106 986
7107 952
7108 978
7109 987
7110 1013
7111 1000
7112 1001
7113 950
7114 990
7115 1001
7116 1002
7117 957
7118 966
7119 1000
7120 945
7121 995
7122 965
7123 994
7124 993
7125 983
7126 988
7127 1018
7128 1012
7129 994
7130 1012
7131 960
7132 993
7133 1012
7134 975
7135 1011
7136 1010
7137 990
7138 999
7139 954
7140 997
7141 1014
7142 1003
7143 1023
7144 961
7145 1004
7146 973
7147 981
7148 996
7149 980
7150 1005
7151 1010
7152 989
7153 953
7154 999
7155 996
7156 972
7157 989
7158 989
7159 1015
7160 986
7161 1004
7162 995
7163 994
7164 1000
7165 1011
7166 993
7167 951
7168 989
7169 978
7170 970
7171 987
7172 1003
7173 997
7174 1007
7175 1010
7176 993
7177 990
7178 1007
7179 965
7180 991
7181 1010
7182 947
7183 1014
7184 988
7185 988
7186 992
7187 988
7188 998
7189 958
7190 1005
7191 1003
7192 1013
7193 976
7194 994
7195 997
7196 970
7197 1014
7198 996
7199 1012
7200 978
7201 986
7202 967
7203 981
7204 1000
7205 983
7206 1008
7207 986
7208 1010
7209 1001
7210 963
7211 976
7212 996
7213 997
7214 964
7215 1016
7216 1012
7217 999
7218 956
7219 969
7220 997
7221 985
7222 1001
7223 982
7224 1013
7225 969
7226 987
7227 994
7228 985
7229 996
7230 990
7231 1016
7232 972
7233 1008
7234 988
7235 1006
7236 984
7237 980
7238 1005
7239 985
7240 992
7241 1016
7242 978
7243 993
7244 983
7245 958
7246 994
7247 1015
7248 1008
7249 988
7250 972
7251 1007
7252 1015
7253 979
7254 998
7255 1011
7256 996
7257 1015
7258 1000
7259 1006
7260 978
7261 971
7262 981
7263 1003
7264 977
7265 1015
7266 1004
7267 988
7268 995
7269 986
7270 1009
7271 992
7272 985
7273 973
7274 983
7275 989
7276 950
7277 968
7278 959
7279 1018
7280 985
7281 959
7282 956
7283 999
7284 980
7285 1005
7286 1009
7287 980
7288 1015
7289 958
7290 964
7291 963
7292 979
7293 977
7294 982
7295 1014
7296 995
7297 955
7298 959
7299 994
7300 981
7301 971
7302 991
7303 1015
7304 988
7305 1006
7306 1001
7307 1009
7308 985
7309 964
7310 1014
7311 1001
7312 988
7313 989
7314 955
7315 960
7316 994
7317 998
7318 987
7319 1017
7320 974
7321 974
7322 1006
7323 975
7324 974
7325 954
7326 978
7327 1014
7328 1001
7329 977
7330 985
7331 998
7332 977
7333 997
7334 963
7335 1016
7336 933
7337 980
7338 998
7339 990
7340 949
7341 979
7342 1003
7343 984
7344 987
7345 959
7346 1009
7347 957
7348 1014
7349 996
7350 986
7351 1018
7352 1001
7353 980
7354 961
7355 917
7356 1013
7357 967
7358 988
7359 983
7360 958
7361 1009
7362 976
7363 984
7364 993
7365 978
7366 931
7367 1010
7368 980
7369 991
7370 992
7371 993
7372 922
7373 996
7374 991
7375 1022
7376 994
7377 991
7378 1001
7379 974
7380 980
7381 969
7382 1009
7383 984
7384 1015
7385 1016
7386 986
7387 957
7388 1000
7389 942
7390 1003
7391 1016
7392 959
7393 982
7394 1012
7395 929
7396 975
7397 978
7398 1003
7399 988
7400 981
7401 977
7402 972
7403 978
7404 996
7405 969
7406 998
7407 958
7408 963
7409 991
7410 985
7411 1003
7412 977
7413 982
7414 998
7415 1016
7416 977
7417 977
7418 981
7419 1000
7420 988
7421 979
7422 982
7423 990
7424 968
7425 966
7426 942
7427 1010
7428 996
7429 1014
7430 952
7431 1018
7432 973
7433 954
7434 990
7435 1000
7436 974
7437 993
7438 1017
7439 999
7440 1005
7441 969
7442 962
7443 982
7444 995
7445 946
7446 981
7447 978
7448 954
7449 1007
7450 1004
7451 973
7452 1007
7453 995
7454 967
7455 1014
7456 971
7457 971
7458 990
7459 992
7460 1000
7461 993
7462 993
7463 1008
7464 990
7465 949
7466 981
7467 981
7468 1013
7469 1001
7470 1005
7471 1014
7472 983
7473 974
7474 986
7475 942
7476 937
7477 1007
7478 998
7479 992
7480 965
7481 971
7482 990
7483 961
7484 985
7485 973
7486 979
7487 1019
7488 963
7489 1010
7490 984
7491 1005
7492 989
7493 1007
7494 1011
7495 1017
7496 963
7497 951
7498 961
7499 1008
7500 977
7501 1009
7502 996
7503 1005
7504 998
7505 1009
7506 980
7507 979
7508 984
7509 1000
7510 997
7511 1012
7512 970
7513 1005
7514 957
7515 986
7516 975
7517 996
7518 966
7519 987
7520 993
7521 1004
7522 1004
7523 968
7524 980
7525 985
7526 976
7527 1001
7528 950
7529 973
7530 1006
7531 981
7532 985
7533 958
7534 987
7535 1016
7536 928
7537 985
7538 949
7539 976
7540 964
7541 1004
7542 989
7543 1011
7544 1001
7545 1006
7546 981
7547 1000
7548 960
7549 949
7550 919
7551 978
7552 997
7553 973
7554 982
7555 968
7556 992
7557 995
7558 1003
7559 972
7560 1011
7561 942
7562 1010
7563 972
7564 992
7565 994
7566 982
7567 979
7568 973
7569 942
7570 990
7571 960
7572 972
7573 1004
7574 964
7575 1016
7576 955
7577 1010
7578 975
7579 986
7580 975
7581 986
7582 949
7583 1016
7584 995
7585 988
7586 999
7587 946
7588 963
7589 982
7590 987
7591 984
7592 968
7593 962
7594 984
7595 972
7596 986
7597 981
7598 988
7599 1002
7600 1012
7601 967
7602 984
7603 983
7604 973
7605 945
7606 985
7607 988
7608 924
7609 995
7610 992
7611 1000
7612 997
7613 1010
7614 973
7615 962
7616 972
7617 1003
7618 954
7619 936
7620 995
7621 999
7622 1000
7623 992
7624 991
7625 968
7626 958
7627 982
7628 1004
7629 957
7630 1003
7631 1014
7632 1005
7633 977
7634 1001
7635 995
7636 972
7637 1014
7638 988
7639 1012
7640 989
7641 994
7642 970
7643 987
7644 963
7645 980
7646 979
7647 1003
7648 929
7649 988
7650 950
7651 992
7652 1000
7653 984
7654 1003
7655 1005
7656 1011
7657 981
7658 998
7659 973
7660 974
7661 959
7662 992
7663 1006
7664 1009
7665 986
7666 1000
7667 978
7668 988
7669 986
7670 976
7671 988
7672 1013
7673 1010
7674 978
7675 979
7676 989
7677 1003
7678 994
7679 1009
7680 993
7681 984
7682 940
7683 1005
7684 976
7685 975
7686 984
7687 985
7688 1002
7689 981
7690 986
7691 992
7692 980
7693 999
7694 977
7695 1010
7696 996
7697 978
7698 1001
7699 999
7700 997
7701 1011
7702 985
7703 997
7704 1001
7705 972
7706 951
7707 1008
7708 1000
7709 1009
7710 1000
7711 1018
7712 971
7713 967
7714 989
7715 986
7716 991
7717 968
7718 1013
7719 1020
7720 987
7721 1011
7722 986
7723 988
7724 1009
7725 1006
7726 999
7727 1005
7728 1014
7729 956
7730 1007
7731 994
7732 963
7733 994
7734 997
7735 1018
7736 1012
7737 976
7738 1006
7739 983
7740 967
7741 988
7742 978
7743 994
7744 1016
7745 1000
7746 979
7747 975
7748 999
7749 1004
7750 992
7751 995
7752 994
7753 953
7754 970
7755 1012
7756 959
7757 991
7758 1009
7759 1005
7760 969
7761 1012
7762 996
7763 1003
7764 976
7765 978
7766 958
7767 1014
7768 985
7769 1007
7770 986
7771 963
7772 1001
7773 972
7774 979
7775 991
7776 970
7777 988
7778 989
7779 987
7780 1002
7781 944
7782 991
7783 1011
7784 910
7785 1007
7786 978
7787 989
7788 999
7789 1005
7790 980
7791 1017
7792 944
7793 973
7794 996
7795 1005
7796 1008
7797 986
7798 1012
7799 981
7800 989
7801 1009
7802 1010
7803 965
7804 1001
7805 985
7806 1002
7807 1013
7808 1014
7809 994
7810 978
7811 988
7812 974
7813 970
7814 974
7815 1007
7816 989
7817 960
7818 964
7819 1010
7820 967
7821 1004
7822 996
7823 994
7824 969
7825 984
7826 957
7827 985
7828 990
7829 976
7830 962
7831 992
7832 963
7833 980
7834 1006
7835 942
7836 953
7837 1000
7838 1001
7839 979
7840 989
7841 1008
7842 993
7843 937
7844 985
7845 999
7846 1014
7847 1019
7848 984
7849 970
7850 964
7851 994
7852 1011
7853 982
7854 1002
7855 1013
7856 985
7857 990
7858 1012
7859 962
7860 988
7861 1001
7862 985
7863 1002
7864 971
7865 999
7866 996
7867 1010
7868 980
7869 1004
7870 1008
7871 994
7872 961
7873 1008
7874 973
7875 960
7876 966
7877 983
7878 1011
7879 983
7880 976
7881 982
7882 1008
7883 995
7884 979
7885 988
7886 992
7887 980
7888 998
7889 1015
7890 974
7891 971
7892 1006
7893 1015
7894 979
7895 998
7896 971
7897 940
7898 1011
7899 976
7900 991
7901 967
7902 972
7903 1015
7904 975
7905 988
7906 918
7907 1004
7908 971
7909 1003
7910 997
7911 1001
7912 953
7913 1004
7914 982
7915 989
7916 985
7917 987
7918 984
7919 1021
7920 1014
7921 1009
7922 980
7923 975
7924 982
7925 969
7926 963
7927 992
7928 973
7929 980
7930 958
7931 966
7932 995
7933 989
7934 974
7935 1022
7936 976
7937 970
7938 992
7939 972
7940 963
7941 980
7942 966
7943 1023
7944 963
7945 998
7946 999
7947 1012
7948 977
7949 929
7950 973
7951 1014
7952 993
7953 1006
7954 980
7955 992
7956 999
7957 958
7958 988
7959 988
7960 961
7961 1014
7962 966
7963 983
7964 959
7965 992
7966 969
7967 981
7968 975
7969 983
7970 980
7971 1000
7972 990
7973 980
7974 972
7975 1012
7976 981
7977 1013
7978 980
7979 978
7980 980
7981 968
7982 947
7983 1015
7984 1004
7985 958
7986 951
7987 983
7988 989
7989 996
7990 974
7991 998
7992 992
7993 1007
7994 992
7995 989
7996 928
7997 973
7998 993
7999 1018
8000 1009
8001 967
8002 981
8003 1003
8004 1008
8005 999
8006 993
8007 1000
8008 1000
8009 986
8010 1011
8011 985
8012 951
8013 981
8014 1006
8015 991
8016 998
8017 968
8018 981
8019 957
8020 994
8021 969
8022 979
8023 985
8024 1007
8025 999
8026 923
8027 1005
8028 987
8029 938
8030 1006
8031 1006
8032 1010
8033 988
8034 996
8035 992
8036 971
8037 1010
8038 1001
8039 1011
8040 978
8041 998
8042 992
8043 973
8044 1009
8045 983
8046 985
8047 972
8048 971
8049 987
8050 990
8051 974
8052 964
8053 987
8054 988
8055 1005
8056 1010
8057 1010
8058 990
8059 983
8060 994
8061 963
8062 1012
8063 1018
8064 996
8065 970
8066 952
8067 989
8068 996
8069 974
8070 977
8071 1017
8072 996
8073 998
8074 976
8075 963
8076 977
8077 950
8078 982
8079 1017
8080 994
8081 1011
8082 969
8083 1009
8084 980
8085 968
8086 996
8087 1018
8088 988
8089 999
8090 973
8091 998
8092 1008
8093 979
8094 987
8095 985
8096 988
8097 1007
8098 978
8099 928
8100 984
8101 988
8102 976
8103 1008
8104 997
8105 975
8106 1009
8107 964
8108 1014
8109 985
8110 1013
8111 991
8112 975
8113 1000
8114 976
8115 993
8116 970
8117 967
8118 974
8119 1018
8120 986
8121 1007
8122 998
8123 1013
8124 1006
8125 962
8126 1018
8127 991
8128 995
8129 996
8130 981
8131 982
8132 1000
8133 1000
8134 956
8135 991
8136 995
8137 988
8138 975
8139 958
8140 994
8141 980
8142 993
8143 993
8144 996
8145 967
8146 991
8147 991
8148 1000
8149 959
8150 953
8151 1010
8152 977
8153 1008
8154 985
8155 969
8156 1004
8157 1008
8158 1014
8159 994
8160 1007
8161 982
8162 993
8163 973
8164 989
8165 1001
8166 969
8167 1006
8168 980
8169 985
8170 1001
8171 1000
8172 999
8173 990
8174 996
8175 980
8176 971
8177 963
8178 1004
8179 976
8180 989
8181 982
8182 986
8183 1007
8184 992
8185 991
8186 990
8187 970
8188 984
8189 935
8190 974
8191 976
8192 1001
8193 968
8194 1012
8195 965
8196 993
8197 1009
8198 996
8199 979
8200 974
8201 972
8202 976
8203 1009
8204 983
8205 976
8206 996
8207 981
8208 991
8209 990
8210 994
8211 981
8212 985
8213 1008
8214 997
8215 1008
8216 986
8217 983
8218 959
8219 993
8220 950
8221 950
8222 966
8223 1004
8224 1002
8225 1003
8226 971
8227 1001
8228 998
8229 966
8230 994
8231 1022
8232 994
8233 1004
8234 992
8235 979
8236 991
8237 951
8238 947
8239 981
8240 971
8241 1000
8242 963
8243 985
8244 970
8245 982
8246 1004
8247 984
8248 973
8249 1012
8250 968
8251 991
8252 999
8253 989
8254 996
8255 986
8256 985
8257 993
8258 1002
8259 992
8260 1007
8261 995
8262 1014
8263 993
8264 983
8265 968
8266 1014
8267 959
8268 947
8269 1013
8270 1011
8271 1011
8272 979
8273 995
8274 967
8275 960
8276 953
8277 969
8278 1001
8279 978
8280 975
8281 950
8282 985
8283 959
8284 1002
8285 967
8286 971
8287 986
8288 984
8289 975
8290 964
8291 966
8292 997
8293 988
8294 987
8295 996
8296 981
8297 1020
8298 988
8299 1001
8300 1009
8301 975
8302 967
8303 979
8304 1002
8305 958
8306 980
8307 1001
8308 994
8309 999
8310 1000
8311 985
8312 1011
8313 999
8314 988
8315 969
8316 996
8317 1003
8318 974
8319 1012
8320 1004
8321 927
8322 974
8323 991
8324 996
8325 995
8326 993
8327 986
8328 1008
8329 997
8330 978
8331 983
8332 956
8333 984
8334 986
8335 1017
8336 996
8337 986
8338 1015
8339 988
8340 1006
8341 954
8342 1013
8343 1017
8344 1014
8345 976
8346 1007
8347 973
8348 954
8349 985
8350 998
8351 975
8352 982
8353 992
8354 1000
8355 993
8356 1019
8357 1007
8358 999
8359 1005
8360 944
8361 969
8362 982
8363 979
8364 1007
8365 983
8366 963
8367 991
8368 981
8369 947
8370 991
8371 991
8372 987
8373 986
8374 983
8375 1009
8376 968
8377 1000
8378 999
8379 988
8380 977
8381 996
8382 979
8383 1015
8384 970
8385 972
8386 977
8387 975
8388 981
8389 989
8390 985
8391 1016
8392 975
8393 995
8394 968
8395 979
8396 971
8397 985
8398 974
8399 1002
8400 999
8401 973
8402 992
8403 964
8404 1018
8405 1003
8406 993
8407 994
8408 1002
8409 975
8410 964
8411 945
8412 1001
8413 959
8414 968
8415 1000
8416 943
8417 906
8418 947
8419 990
8420 959
8421 1009
8422 959
8423 1014
8424 970
8425 976
8426 946
8427 979
8428 967
8429 994
8430 1008
8431 1018
8432 979
8433 983
8434 985
8435 923
8436 959
8437 990
8438 996
8439 986
8440 979
8441 981
8442 999
8443 1007
8444 989
8445 998
8446 925
8447 982
8448 1002
8449 1000
8450 1004
8451 1009
8452 1015
8453 983
8454 979
8455 1013
8456 979
8457 1002
8458 973
8459 991
8460 980
8461 983
8462 983
8463 1022
8464 985
8465 997
8466 985
8467 998
8468 934
8469 995
8470 988
8471 994
8472 980
8473 1004
8474 966
8475 1003
8476 987
8477 975
8478 982
8479 994
8480 975
8481 970
8482 986
8483 1003
8484 1013
8485 1002
8486 1013
8487 1008
8488 1006
8489 987
8490 1006
8491 987
8492 986
8493 992
8494 996
8495 985
8496 992
8497 992
8498 969
8499 983
8500 978
8501 992
8502 996
8503 1014
8504 970
8505 985
8506 980
8507 989
8508 993
8509 999
8510 1013
8511 993
8512 1008
8513 1004
8514 981
8515 986
8516 972
8517 1010
8518 1009
8519 1002
8520 982
8521 998
8522 969
8523 986
8524 992
8525 1014
8526 964
8527 1010
8528 985
8529 976
8530 979
8531 1002
8532 998
8533 973
8534 1015
8535 1014
8536 1008
8537 1008
8538 976
8539 999
8540 976
8541 986
8542 1015
8543 1012
8544 998
8545 974
8546 972
8547 992
8548 995
8549 978
8550 1005
8551 1020
8552 938
8553 964
8554 988
8555 981
8556 1004
8557 986
8558 1008
8559 1011
8560 986
8561 997
8562 991
8563 996
8564 972
8565 975
8566 958
8567 993
8568 948
8569 1008
8570 1002
8571 971
8572 1003
8573 1004
8574 1003
8575 1003
8576 967
8577 991
8578 977
8579 975
8580 1003
8581 981
8582 1003
8583 1017
8584 988
8585 981
8586 971
8587 991
8588 987
8589 965
8590 985
8591 987
8592 980
8593 942
8594 939
8595 989
8596 987
8597 995
8598 1006
8599 1006
8600 1002
8601 977
8602 995
8603 956
8604 1004
8605 990
8606 943
8607 995
8608 1008
8609 1005
8610 1009
8611 987
8612 959
8613 959
8614 987
8615 991
8616 1004
8617 971
8618 970
8619 984
8620 973
8621 955
8622 991
8623 1000
8624 1003
8625 1006
8626 952
8627 946
8628 959
8629 956
8630 1004
8631 984
8632 1002
8633 997
8634 964
8635 949
8636 1003
8637 957
8638 989
8639 998
8640 1012
8641 982
8642 979
8643 1003
8644 992
8645 985
8646 983
8647 1009
8648 977
8649 978
8650 1005
8651 1012
8652 995
8653 971
8654 1009
8655 1019
8656 995
8657 978
8658 1011
8659 975
8660 950
8661 965
8662 1007
8663 1008
8664 1006
8665 979
8666 982
8667 994
8668 998
8669 974
8670 1012
8671 992
8672 1013
8673 967
8674 960
8675 1011
8676 975
8677 981
8678 993
8679 1017
8680 991
8681 976
8682 987
8683 965
8684 958
8685 949
8686 1002
8687 981
8688 996
8689 1003
8690 962
8691 980
8692 971
8693 991
8694 1002
8695 981
8696 960
8697 992
8698 952
8699 991
8700 1009
8701 1006
8702 1009
8703 997
8704 989
8705 948
8706 973
8707 972
8708 1009
8709 974
8710 934
8711 1012
8712 989
8713 982
8714 981
8715 1001
8716 974
8717 978
8718 1012
8719 1015
8720 972
8721 1000
8722 933
8723 1003
8724 971
8725 1004
8726 972
8727 981
8728 985
8729 977
8730 996
8731 995
8732 977
8733 974
8734 976
8735 991
8736 955
8737 968
8738 964
8739 1001
8740 985
8741 1014
8742 996
8743 989
8744 966
8745 1003
8746 1000
8747 993
8748 985
8749 1011
8750 990
8751 998
8752 984
8753 983
8754 987
8755 972
8756 993
8757 1003
8758 975
8759 1022
8760 978
8761 1006
8762 1008
8763 980
8764 990
8765 995
8766 997
8767 1009
8768 974
8769 995
8770 988
8771 988
8772 994
8773 968
8774 962
8775 988
8776 1019
8777 991
8778 987
8779 1008
8780 993
8781 979
8782 973
8783 999
8784 983
8785 998
8786 980
8787 991
8788 979
8789 974
8790 1012
8791 998
8792 1017
8793 1011
8794 993
8795 958
8796 972
8797 980
8798 993
8799 1016
8800 968
8801 992
8802 974
8803 946
8804 979
8805 948
8806 976
8807 985
8808 969
8809 984
8810 1003
8811 1002
8812 984
8813 986
8814 988
8815 1014
8816 998
8817 1018
8818 951
8819 977
8820 979
8821 974
8822 996
8823 1010
8824 949
8825 1008
8826 993
8827 986
8828 973
8829 984
8830 1010
8831 990
8832 972
8833 984
8834 977
8835 1004
8836 992
8837 997
8838 918
8839 1008
8840 980
8841 982
8842 966
8843 1008
8844 975
8845 968
8846 988
8847 1012
8848 988
8849 1008
8850 997
8851 980
8852 973
8853 993
8854 1006
8855 1002
8856 1013
8857 995
8858 967
8859 969
8860 1011
8861 993
8862 1007
8863 993
8864 983
8865 1002
8866 962
8867 999
8868 973
8869 1000
8870 1010
8871 1011
8872 979
8873 999
8874 990
8875 1005
8876 985
8877 1000
8878 1007
8879 995
8880 1004
8881 961
8882 1010
8883 985
8884 964
8885 991
8886 967
8887 1003
8888 1010
8889 1010
8890 989
8891 1016
8892 1018
8893 971
8894 979
8895 1003
8896 965
8897 1006
8898 975
8899 1003
8900 948
8901 988
8902 1003
8903 1020
8904 1005
8905 966
8906 952
8907 968
8908 948
8909 984
8910 1008
8911 1015
8912 977
8913 1000
8914 963
8915 1004
8916 1004
8917 1000
8918 988
8919 1016
8920 957
8921 980
8922 997
8923 1007
8924 994
8925 990
8926 977
8927 976
8928 982
8929 1006
8930 988
8931 1012
8932 989
8933 975
8934 1004
8935 1015
8936 1010
8937 992
8938 988
8939 1000
8940 992
8941 993
8942 1004
8943 985
8944 987
8945 985
8946 967
8947 1005
8948 979
8949 984
8950 996
8951 1018
8952 979
8953 952
8954 1016
8955 978
8956 981
8957 1007
8958 990
8959 977
8960 1008
8961 946
8962 987
8963 990
8964 1004
8965 980
8966 990
8967 1014
8968 992
8969 996
8970 1015
8971 1015
8972 952
8973 969
8974 982
8975 1009
8976 993
8977 957
8978 1005
8979 989
8980 991
8981 987
8982 977
8983 1013
8984 1002
8985 985
8986 972
8987 945
8988 955
8989 983
8990 996
8991 995
8992 985
8993 989
8994 1017
8995 1015
8996 970
8997 1001
8998 987
8999 982
9000 984
9001 942
9002 973
9003 967
9004 964
9005 993
9006 976
9007 988
9008 1002
9009 1007
9010 998
9011 985
9012 984
9013 972
9014 969
9015 1019
9016 972
9017 1006
9018 989
9019 994
9020 990
9021 1008
9022 984
9023 1019
9024 971
9025 990
9026 990
9027 1001
9028 983
9029 958
9030 972
9031 1018
9032 995
9033 962
9034 983
9035 982
9036 1008
9037 1007
9038 988
9039 1001
9040 1005
9041 1005
9042 999
9043 992
9044 992
9045 953
9046 968
9047 983
9048 1002
9049 962
9050 1011
9051 979
9052 1001
9053 1014
9054 959
9055 996
9056 998
9057 993
9058 986
9059 984
9060 987
9061 969
9062 945
9063 1000
9064 994
9065 974
9066 980
9067 982
9068 998
9069 981
9070 1002
9071 1000
9072 969
9073 970
9074 942
9075 982
9076 983
9077 987
9078 1006
9079 1005
9080 989
9081 985
9082 1000
9083 1008
9084 1004
9085 1008
9086 1001
9087 991
9088 981
9089 934
9090 979
9091 993
9092 993
9093 1005
9094 1015
9095 1013
9096 949
9097 995
9098 986
9099 994
9100 1012
9101 1001
9102 945
9103 1010
9104 1009
9105 994
9106 989
9107 1002
9108 994
9109 969
9110 980
9111 1010
9112 975
9113 1013
9114 997
9115 992
9116 988
9117 985
9118 984
9119 970
9120 1000
9121 983
9122 1003
9123 999
9124 1006
9125 972
9126 968
9127 1008
9128 956
9129 977
9130 987
9131 970
9132 977
9133 996
9134 1005
9135 942
9136 975
9137 940
9138 1003
9139 974
9140 1004
9141 958
9142 951
9143 996
9144 957
9145 994
9146 1014
9147 981
9148 989
9149 996
9150 1017
9151 1022
9152 982
9153 989
9154 964
9155 992
9156 970
9157 967
9158 1004
9159 992
9160 991
9161 989
9162 977
9163 1006
9164 978
9165 941
9166 1010
9167 1008
9168 987
9169 997
9170 984
9171 973
9172 989
9173 964
9174 978
9175 990
9176 951
9177 1018
9178 989
9179 981
9180 975
9181 1000
9182 993
9183 1011
9184 997
9185 987
9186 985
9187 992
9188 988
9189 995
9190 985
9191 1016
9192 987
9193 994
9194 996
9195 994
9196 985
9197 992
9198 1011
9199 979
9200 984
9201 978
9202 960
9203 968
9204 983
9205 950
9206 1012
9207 1012
9208 1007
9209 967
9210 989
9211 987
9212 990
9213 965
9214 1006
9215 1021
9216 985
9217 974
9218 967
9219 983
9220 985
9221 995
9222 1010
9223 1008
9224 979
9225 964
9226 977
9227 1006
9228 997
9229 961
9230 961
9231 984
9232 948
9233 967
9234 977
9235 991
9236 954
9237 1000
9238 983
9239 1010
9240 982
9241 998
9242 984
9243 982
9244 980
9245 976
9246 1010
9247 994
9248 979
9249 1011
9250 995
9251 983
9252 961
9253 989
9254 988
9255 978
9256 1003
9257 1001
9258 965
9259 1008
9260 985
9261 958
9262 997
9263 998
9264 944
9265 1000
9266 967
9267 941
9268 960
9269 949
9270 982
9271 979
9272 1010
9273 1009
9274 979
9275 967
9276 931
9277 967
9278 991
9279 995
9280 990
9281 992
9282 979
9283 1004
9284 1013
9285 979
9286 988
9287 1013
9288 969
9289 991
9290 974
9291 988
9292 999
9293 994
9294 993
9295 1016
9296 1005
9297 962
9298 989
9299 924
9300 969
9301 989
9302 970
9303 981
9304 1010
9305 988
9306 1004
9307 945
9308 966
9309 994
9310 1005
9311 1010
9312 1006
9313 978
9314 992
9315 1007
9316 993
9317 987
9318 973
9319 1008
9320 1003
9321 968
9322 999
9323 978
9324 1006
9325 982
9326 971
9327 984
9328 1008
9329 976
9330 967
9331 989
9332 987
9333 1003
9334 980
9335 1013
9336 1013
9337 963
9338 1000
9339 1009
9340 1011
9341 1004
9342 988
9343 977
9344 968
9345 999
9346 985
9347 989
9348 980
9349 979
9350 993
9351 979
9352 962
9353 1004
9354 986
9355 971
9356 1001
9357 993
9358 996
9359 1018
9360 987
9361 1015
9362 983
9363 993
9364 963
9365 977
9366 980
9367 977
9368 970
9369 962
9370 998
9371 995
9372 965
9373 969
9374 1006
9375 1017
9376 960
9377 961
9378 971
9379 964
9380 944
9381 988
9382 987
9383 1019
9384 960
9385 986
9386 1006
9387 1012
9388 979
9389 970
9390 959
9391 996
9392 1014
9393 991
9394 991
9395 996
9396 950
9397 1001
9398 949
9399 1004
9400 962
9401 1013
9402 986
9403 996
9404 971
9405 995
9406 1009
9407 995
9408 964
9409 1009
9410 974
9411 997
9412 964
9413 975
9414 941
9415 1018
9416 975
9417 973
9418 994
9419 984
9420 993
9421 994
9422 1006
9423 973
9424 1000
9425 1002
9426 978
9427 1002
9428 981
9429 991
9430 1001
9431 1001
9432 1005
9433 1004
9434 1012
9435 976
9436 1014
9437 1012
9438 961
9439 1017
9440 969
9441 1007
9442 980
9443 991
9444 988
9445 1011
9446 984
9447 1001
9448 1009
9449 991
9450 977
9451 1009
9452 967
9453 959
9454 996
9455 1000
9456 979
9457 991
9458 1009
9459 981
9460 962
9461 940
9462 930
9463 1004
9464 984
9465 938
9466 989
9467 1012
9468 1002
9469 994
9470 1004
9471 994
9472 962
9473 998
9474 957
9475 957
9476 1006
9477 1013
9478 995
9479 1004
9480 979
9481 1004
9482 981
9483 994
9484 945
9485 965
9486 970
9487 1011
9488 997
9489 1019
9490 993
9491 980
9492 983
9493 957
9494 979
9495 1000
9496 995
9497 960
9498 988
9499 1000
9500 986
9501 981
9502 981
9503 1014
9504 959
9505 1005
9506 977
9507 978
9508 934
9509 18
9510 10
9511 12
9512 11
9513 11
9514 11
9515 10
9516 11
9517 11
9518 10
9519 11
9520 10
9521 11
9522 11
9523 11
9524 9
9525 15
9526 11
9527 11
9528 9
9529 11
9530 11
9531 10
9532 12
9533 10
9534 12
9535 9
9536 11
9537 11
9538 10
9539 8
9540 11
9541 10
9542 11
9543 12
9544 20
9545 10
9546 13
9547 10
9548 12
9549 9
9550 18
9551 12
9552 12
9553 11
9554 10
9555 12
9556 9
9557 11
9558 10
9559 11
9560 11
9561 12
9562 12
9563 11
9564 11
9565 11
9566 11
9567 11
9568 11
9569 11
9570 12
9571 9
9572 11
9573 12
9574 11
9575 11
9576 10
9577 10
9578 9
9579 9
9580 11
9581 11
9582 11
9583 11
9584 14
9585 10
9586 10
9587 12
9588 11
9589 11
9590 12
9591 11
9592 10
9593 12
9594 10
9595 12
9596 13
9597 11
9598 12
9599 11
9600 7
9601 11
9602 12
9603 10
9604 11
9605 12
9606 9
9607 11
9608 13
9609 11
9610 11
9611 11
9612 11
9613 11
9614 10
9615 11
9616 10
9617 10
9618 9
9619 10
9620 12
9621 11
9622 9
9623 11
9624 10
9625 10
9626 10
9627 10
9628 17
9629 11
9630 9
9631 12
9632 11
9633 10
9634 12
9635 10
9636 16
9637 11
9638 11
9639 12
9640 11
9641 12
9642 12
9643 10
9644 17
9645 9
9646 12
9647 11
9648 11
9649 11
9650 11
9651 14
9652 11
9653 12
9654 11
9655 10
9656 10
9657 9
9658 13
9659 11
9660 11
9661 10
9662 15
9663 13
9664 12
9665 17
9666 10
9667 12
9668 12
9669 10
9670 10
9671 11
9672 12
9673 9
9674 12
9675 12
9676 11
9677 17
9678 11
9679 12
9680 12
9681 11
9682 10
9683 10
9684 8
9685 9
9686 11
9687 18
9688 10
9689 11
9690 7
9691 11
9692 9
9693 11
9694 14
9695 11
9696 10
9697 12
9698 23
9699 11
9700 15
9701 11
9702 10
9703 11
9704 11
9705 12
9706 11
9707 11
9708 11
9709 11
9710 11
9711 12
9712 10
9713 11
9714 11
9715 11
9716 11
9717 9
9718 9
9719 12
9720 10
9721 11
9722 11
9723 11
9724 10
9725 12
9726 11
9727 11
9728 11
9729 12
9730 11
9731 17
9732 17
9733 11
9734 12
9735 12
9736 12
9737 12
9738 10
9739 10
9740 12
9741 11
9742 11
9743 12
9744 12
9745 12
9746 12
9747 11
9748 10
9749 10
9750 11
9751 10
9752 11
9753 11
9754 9
9755 10
9756 17
9757 10
9758 11
9759 11
9760 10
9761 11
9762 9
9763 11
9764 11
9765 11
9766 11
9767 10
9768 12
9769 12
9770 11
9771 11
9772 11
9773 9
9774 16
9775 12
9776 11
9777 10
9778 11
9779 10
9780 1004
9781 988
9782 956
9783 998
9784 1018
9785 970
9786 1013
9787 1007
9788 1001
9789 975
9790 1006
9791 981
9792 974
9793 980
9794 970
9795 1008
9796 983
9797 998
9798 1002
9799 1013
9800 969
9801 997
9802 984
9803 1001
9804 988
9805 1003
9806 1000
9807 982
9808 1008
9809 989
9810 973
9811 976
9812 999
9813 960
9814 966
9815 989
9816 966
9817 980
9818 975
9819 984
9820 990
9821 993
9822 1002
9823 990
9824 982
9825 991
9826 992
9827 1011
9828 980
9829 1012
9830 1009
9831 1020
9832 988
9833 996
9834 970
9835 1008
9836 983
9837 1009
9838 975
9839 1013
9840 991
9841 956
9842 995
9843 989
9844 988
9845 1000
9846 988
9847 988
9848 988
9849 979
9850 971
9851 983
9852 993
9853 1007
9854 962
9855 1001
9856 1008
9857 957
9858 954
9859 1001
9860 995
9861 992
9862 955
9863 991
9864 974
9865 990
9866 955
9867 990
9868 1001
9869 1006
9870 997
9871 965
9872 994
9873 979
9874 917
9875 996
9876 977
9877 986
9878 1002
9879 998
9880 987
9881 995
9882 1012
9883 985
9884 978
9885 977
9886 1002
9887 986
9888 973
9889 993
9890 996
9891 986
9892 973
9893 974
9894 972
9895 999
9896 934
9897 999
9898 982
9899 963
9900 983
9901 989
9902 1009
9903 1000
9904 1000
9905 940
9906 1002
9907 972
9908 992
9909 1008
9910 971
9911 989
9912 1007
9913 973
9914 980
9915 1014
9916 986
9917 1013
9918 998
9919 1017
9920 996
9921 1001
9922 1000
9923 1008
9924 997
9925 954
9926 985
9927 1002
9928 974
9929 955
9930 963
9931 968
9932 992
9933 984
9934 992
9935 1011
9936 952
9937 971
9938 953
9939 1004
9940 1001
9941 998
9942 952
9943 1006
9944 994
9945 997
9946 1010
9947 1007
9948 1003
9949 984
9950 965
9951 984
9952 970
9953 1005
9954 981
9955 1005
9956 996
9957 995
9958 994
9959 1006
9960 994
9961 968
9962 965
9963 978
9964 970
9965 987
9966 1005
9967 980
9968 1015
9969 993
9970 991
9971 994
9972 984
9973 969
9974 999
9975 1021
9976 979
9977 981
9978 975
9979 989
9980 1007
9981 951
9982 1007
9983 1013
9984 976
9985 997
9986 956
9987 975
9988 967
9989 980
9990 984
9991 994
9992 1005
9993 971
9994 989
9995 995
9996 1003
9997 993
9998 998
9999 1016
